  0.00   0.18904057
  0.01   0.94427810
  0.02   0.43955096
  0.03   1.23724134
  0.04   1.07663239
  0.05   1.43557730
  0.06   0.82383996
  0.07   0.65231088
  0.08   1.26456053
  0.09   0.86964820
  0.10   1.21928270
  0.11   0.54643567
  0.12   1.09468912
  0.13   0.86307339
  0.14   1.26806338
  0.15   0.86854262
  0.16   1.30203607
  0.17   0.62167900
  0.18   0.93830433
  0.19   1.23082812
  0.20   1.36497740
  0.21   1.02178404
  0.22   1.83040713
  0.23   1.35568979
  0.24   0.82359125
  0.25   0.86502231
  0.26   0.71126874
  0.27   0.68232836
  0.28   0.12663631
  0.29   0.50120996
  0.30   0.15679068
  0.31   0.11348041
  0.32  -0.30819287
  0.33  -0.60299202
  0.34  -0.60421026
  0.35  -0.86955991
  0.36  -0.10086100
  0.37  -0.61144426
  0.38  -0.16583626
  0.39  -0.17156619
  0.40   0.17589006
  0.41  -0.31495996
  0.42   0.42674077
  0.43   0.64592489
  0.44  -0.36799664
  0.45   0.10634480
  0.46  -0.03073228
  0.47   0.58816354
  0.48   0.07760175
  0.49   0.47659814
  0.50   0.07733535
  0.51   0.20619279
  0.52   0.46157616
  0.53   0.26576285
  0.54   0.36813151
  0.55   0.10535839
  0.56   0.28493972
  0.57   0.50985043
  0.58   0.52278620
  0.59   1.54846833
  0.60   1.77868320
  0.61   1.64816096
  0.62   1.58000400
  0.63   1.69300649
  0.64   1.49340018
  0.65   1.18862205
  0.66   1.21220081
  0.67   1.92491814
  0.68   1.45143665
  0.69   0.65068436
  0.70   0.92404252
  0.71   0.16209729
  0.72   0.62291660
  0.73   0.94027702
  0.74   0.77818712
  0.75   0.46618377
  0.76   0.18325059
  0.77   0.08297502
  0.78   0.09459909
  0.79   0.26504834
  0.80   0.99778926
  0.81   0.70514179
  0.82   0.61277468
  0.83   0.04991364
  0.84   0.41947103
  0.85   0.45477080
  0.86   0.34165271
  0.87   0.12477053
  0.88  -0.26278807
  0.89  -0.83790316
  0.90  -0.16222100
  0.91  -0.48552468
  0.92  -1.10997463
  0.93  -1.08009986
  0.94  -0.15044063
  0.95   0.09651823
  0.96  -0.55234883
  0.97  -0.30114841
  0.98   0.14632034
  0.99   0.35655316
  1.00   0.46336305
  1.01   1.17103477
  1.02   0.93570703
  1.03   1.11975313
  1.04   0.91798121
  1.05   0.62469780
  1.06   0.71329439
  1.07   1.22232447
  1.08   1.21646566
  1.09   0.96559954
  1.10   0.38663619
  1.11   0.84778654
  1.12   1.01133429
  1.13   1.05270027
  1.14   0.58793896
  1.15   1.20369436
  1.16   1.33979308
  1.17   0.91145356
  1.18   1.23032425
  1.19   1.43593127
  1.20   1.27119745
  1.21   1.42083752
  1.22   1.58560556
  1.23   1.15551201
  1.24   1.40613963
  1.25   1.21573465
  1.26   1.21141665
  1.27   1.00793710
  1.28   0.30653399
  1.29   0.47014163
  1.30  -0.35226414
  1.31  -0.14844800
  1.32  -0.04388626
  1.33  -0.38674063
  1.34  -0.05829116
  1.35  -0.30606700
  1.36  -0.50587680
  1.37  -0.23214776
  1.38  -0.87303459
  1.39  -0.31119483
  1.40  -0.10167829
  1.41   0.51582146
  1.42   0.33935790
  1.43   0.44276467
  1.44   0.50792758
  1.45   0.07184355
  1.46  -0.15890192
  1.47   0.39697394
  1.48   0.04407464
  1.49  -0.34613255
  1.50   0.34555870
  1.51  -0.53742333
  1.52   0.22566836
  1.53  -0.14939678
  1.54  -0.05392950
  1.55   0.60095280
  1.56   0.91631548
  1.57   0.61433143
  1.58   0.73994475
  1.59   0.66545416
  1.60   1.86003310
  1.61   1.59778341
  1.62   1.87679235
  1.63   1.31959591
  1.64   1.77613298
  1.65   1.87738647
  1.66   1.57058133
  1.67   1.68335370
  1.68   1.12334053
  1.69   1.24597672
  1.70   1.00815410
  1.71   0.45985315
  1.72   0.98561530
  1.73   0.76264051
  1.74   0.85702793
  1.75   0.64739858
  1.76   0.81381929
  1.77   0.35828806
  1.78   0.12375629
  1.79   0.84972191
  1.80   0.52559307
  1.81   1.07456686
  1.82   0.24802877
  1.83   0.73547715
  1.84   0.65961267
  1.85   0.45525075
  1.86  -0.20408519
  1.87   0.33186689
  1.88  -0.60547632
  1.89  -0.74935940
  1.90  -0.63406361
  1.91  -1.09444912
  1.92  -1.12762205
  1.93  -0.37511912
  1.94  -0.71019684
  1.95  -0.45306335
  1.96  -0.03310148
  1.97  -0.34858940
  1.98  -0.26960078
  1.99   0.25979000
  2.00   0.32026491
  2.01   0.82629904
  2.02   0.55356563
  2.03   1.17847400
  2.04   0.49328822
  2.05   1.24125584
  2.06   1.44054722
  2.07   0.76217678
  2.08   1.18437053
  2.09   1.20113726
  2.10   0.58158988
  2.11   0.90660186
  2.12   0.86391575
  2.13   1.21791483
  2.14   0.75288681
  2.15   1.11692868
  2.16   1.51262368
  2.17   1.44795381
  2.18   1.30860667
  2.19   0.77128130
  2.20   1.72023587
  2.21   1.59579120
  2.22   1.52355606
  2.23   1.37794872
  2.24   0.66642418
  2.25   1.28632773
  2.26   0.46491600
  2.27   0.54228416
  2.28   0.99617091
  2.29   0.50857113
  2.30   0.47273788
  2.31  -0.17618709
  2.32  -0.34945660
  2.33  -0.63875487
  2.34  -0.11744616
  2.35  -0.33367132
  2.36  -0.43030470
  2.37  -0.55549597
  2.38  -0.15743048
  2.39  -0.43423396
  2.40  -0.11250894
  2.41  -0.22644535
  2.42   0.54469905
  2.43   0.14930167
  2.44  -0.19572394
  2.45   0.23134733
  2.46   0.25076895
  2.47   0.06900869
  2.48   0.30709633
  2.49   0.21999295
  2.50   0.41347225
  2.51  -0.37851196
  2.52  -0.00254402
  2.53  -0.19333554
  2.54   0.69747810
  2.55   0.83436222
  2.56   0.86220618
  2.57   1.16036839
  2.58   1.17655250
  2.59   0.68947021
  2.60   1.68318544
  2.61   1.23698784
  2.62   1.78495693
  2.63   1.87589443
  2.64   1.51962565
  2.65   1.04290436
  2.66   1.70139020
  2.67   1.91577666
  2.68   1.26795751
  2.69   0.87446727
  2.70   0.58829818
  2.71   0.94221648
  2.72   0.31225014
  2.73   0.72262192
  2.74   0.39749556
  2.75   0.98540285
  2.76   0.94169583
  2.77   0.67676313
  2.78   0.47532760
  2.79   0.19323986
  2.80   0.11613875
  2.81   0.73563994
  2.82   0.86384377
  2.83   0.09013184
  2.84   0.23294263
  2.85  -0.09375330
  2.86   0.36367100
  2.87   0.30981843
  2.88   0.05675373
  2.89  -0.65712961
  2.90  -0.88705592
  2.91  -0.40249867
  2.92  -0.59334574
  2.93  -0.88738557
  2.94  -0.26575322
  2.95   0.05309507
  2.96  -0.68568876
  2.97  -0.49720907
  2.98   0.29981601
  2.99  -0.10839175
  3.00   0.21699126
  3.01   1.07439671
  3.02   1.39842462
  3.03   1.06913192
  3.04   0.83843142
  3.05   0.57832659
  3.06   1.42386283
  3.07   1.08254000
  3.08   0.77869447
  3.09   1.19280167
  3.10   1.13511437
  3.11   0.51629899
  3.12   0.55466901
  3.13   0.89225123
  3.14   1.42908211
  3.15   1.06938009
  3.16   0.97158878
  3.17   1.36471543
  3.18   0.62735959
  3.19   1.69215849
  3.20   1.13567511
  3.21   1.46317520
  3.22   1.99770543
  3.23   0.98393047
  3.24   0.70151419
  3.25   0.49902046
  3.26   0.54389864
  3.27   0.74650872
  3.28   0.49569643
  3.29   0.31110235
  3.30  -0.51925010
  3.31  -0.38105786
  3.32   0.07809395
  3.33  -0.25535075
  3.34  -0.59479786
  3.35  -0.49697891
  3.36  -0.20706879
  3.37  -0.04719288
  3.38  -0.13370233
  3.39  -0.66156746
  3.40  -0.46604478
  3.41  -0.11036335
  3.42  -0.09975274
  3.43  -0.22051355
  3.44   0.51529287
  3.45   0.25110072
  3.46  -0.12850098
  3.47  -0.01963442
  3.48   0.39406835
  3.49   0.19201138
  3.50  -0.46720217
  3.51  -0.00175175
  3.52  -0.03052912
  3.53   0.04405327
  3.54   0.73596343
  3.55   0.97012938
  3.56   0.39414707
  3.57   0.48782656
  3.58   1.21785136
  3.59   1.40264973
  3.60   1.75924936
  3.61   1.49456194
  3.62   1.27811748
  3.63   1.55551569
  3.64   1.27539817
  3.65   1.68405345
  3.66   1.09481493
  3.67   1.10109616
  3.68   1.73913277
  3.69   0.95888118
  3.70   0.57163085
  3.71   0.90486996
  3.72   0.01555425
  3.73   0.58819107
  3.74   0.84289704
  3.75   0.72166064
  3.76   0.25303865
  3.77   0.64916748
  3.78   0.44053629
  3.79   0.88541139
  3.80   0.73879314
  3.81   0.28718856
  3.82   0.19774661
  3.83   0.23055575
  3.84  -0.08586208
  3.85   0.51513194
  3.86  -0.15154717
  3.87   0.11802290
  3.88   0.12662639
  3.89  -0.73359665
  3.90  -0.08840411
  3.91  -1.13104094
  3.92  -0.62317844
  3.93  -0.93340394
  3.94  -0.48623650
  3.95  -0.12608917
  3.96  -0.03076625
  3.97   0.14550168
  3.98  -0.17583821
  3.99   0.13536136
  4.00   0.95436410
  4.01   1.22640353
  4.02   1.12435331
  4.03   0.80110660
  4.04   0.53020264
  4.05   1.09701054
  4.06   1.38748268
  4.07   1.02440618
  4.08   0.95459903
  4.09   0.97028868
  4.10   0.65468958
  4.11   0.46360551
  4.12   0.73026961
  4.13   0.92731648
  4.14   0.84815641
  4.15   0.88719421
  4.16   0.92285474
  4.17   1.45145743
  4.18   1.42278567
  4.19   1.37574910
  4.20   1.00707141
  4.21   1.22467280
  4.22   1.96151100
  4.23   1.60390664
  4.24   1.56782815
  4.25   1.40439736
  4.26   0.46711414
  4.27   0.31679611
  4.28   0.15917951
  4.29   0.80236747
  4.30   0.12352385
  4.31  -0.36472948
  4.32  -0.50882636
  4.33  -0.25225767
  4.34  -0.19853053
  4.35   0.00226191
  4.36  -0.60334453
  4.37  -0.13324612
  4.38  -0.61134725
  4.39  -0.14292798
  4.40   0.13650992
  4.41  -0.21934799
  4.42   0.40699773
  4.43   0.63584401
  4.44   0.04418994
  4.45   0.22764930
  4.46   0.49884538
  4.47  -0.01840408
  4.48  -0.17784018
  4.49   0.48910167
  4.50   0.22522670
  4.51  -0.36283749
  4.52  -0.34260327
  4.53   0.42619113
  4.54   0.60974713
  4.55   0.40072209
  4.56   0.68866526
  4.57   0.69394094
  4.58   1.21632383
  4.59   1.33156560
  4.60   1.88143381
  4.61   1.80641618
  4.62   1.29821770
  4.63   1.47298949
  4.64   1.14348450
  4.65   1.10052876
  4.66   1.32162829
  4.67   1.52780635
  4.68   1.79336444
  4.69   0.79259445
  4.70   0.43855361
  4.71   0.21338540
  4.72   0.58613060
  4.73   0.31875410
  4.74   0.29965663
  4.75   0.60737463
  4.76   0.70379755
  4.77   0.06312507
  4.78   0.66848858
  4.79   0.41373087
  4.80   0.76897217
  4.81   0.26158349
  4.82   0.94540498
  4.83   0.60470234
  4.84   0.18744812
  4.85  -0.14236984
  4.86   0.34144724
  4.87   0.10037303
  4.88   0.32787526
  4.89  -0.68955260
  4.90  -0.73524522
  4.91  -0.58150967
  4.92  -0.44779877
  4.93  -0.88009368
  4.94  -0.41049649
  4.95  -0.42240410
  4.96   0.18037904
  4.97  -0.37801479
  4.98  -0.32770347
  4.99   0.18574727
  5.00   0.54648442
  5.01   0.89934645
  5.02   0.55522673
  5.03   1.22382373
  5.04   0.70504829
  5.05   0.54794171
  5.06   0.85303202
  5.07   1.14641297
  5.08   1.60483810
  5.09   1.06662699
  5.10   1.16957661
  5.11   0.61534592
  5.12   0.90902317
  5.13   0.48826426
  5.14   1.47551200
  5.15   0.87141059
  5.16   1.11618206
  5.17   1.42785418
  5.18   0.66180101
  5.19   1.00755608
  5.20   1.72783417
  5.21   1.20653707
  5.22   1.76980940
  5.23   1.23623803
  5.24   1.51699553
  5.25   0.53462419
  5.26   1.03409154
  5.27   0.76105441
  5.28   0.67071021
  5.29   0.70512856
  5.30   0.21381585
  5.31  -0.65347053
  5.32  -0.11314370
  5.33  -0.54421850
  5.34  -0.35890784
  5.35  -0.23004364
  5.36  -0.44459134
  5.37  -0.81274774
  5.38  -0.88114882
  5.39  -0.57244335
  5.40  -0.35912911
  5.41   0.23218129
  5.42   0.57363157
  5.43   0.65445029
  5.44   0.16839177
  5.45  -0.40900946
  5.46   0.08679378
  5.47   0.49325857
  5.48   0.37056453
  5.49   0.32310587
  5.50  -0.44540870
  5.51  -0.40232646
  5.52  -0.47603289
  5.53  -0.10060875
  5.54   0.12362490
  5.55   0.76885766
  5.56   0.71408962
  5.57   0.95086812
  5.58   1.14218803
  5.59   0.84672548
  5.60   1.65532710
  5.61   1.96224782
  5.62   1.78112464
  5.63   1.84838520
  5.64   1.63634187
  5.65   1.70142231
  5.66   1.49874001
  5.67   1.18251880
  5.68   1.89289488
  5.69   1.17110692
  5.70   0.94587677
  5.71   0.16539856
  5.72   0.96899574
  5.73   0.85319379
  5.74   0.70921556
  5.75   0.65352555
  5.76   0.18441200
  5.77  -0.09836588
  5.78  -0.08945415
  5.79   0.58615204
  5.80   0.46108248
  5.81   1.08172140
  5.82   0.99762600
  5.83   0.81881419
  5.84   0.51031667
  5.85   0.04591126
  5.86  -0.38564102
  5.87   0.12022303
  5.88  -0.35736796
  5.89  -0.20699242
  5.90  -0.76038972
  5.91  -0.44497536
  5.92  -0.45406997
  5.93  -0.29354818
  5.94  -0.86500268
  5.95  -0.57315160
  5.96   0.06969969
  5.97   0.17669365
  5.98  -0.08893520
  5.99   0.02124585
  6.00   0.19143768
  6.01   0.37479013
  6.02   0.67796417
  6.03   1.26587873
  6.04   0.69482257
  6.05   0.56265019
  6.06   1.30744916
  6.07   0.72789539
  6.08   0.82854545
  6.09   0.99793481
  6.10   1.05687345
  6.11   1.18676124
  6.12   0.44154185
  6.13   1.05352730
  6.14   1.50398880
  6.15   0.84443864
  6.16   1.15862569
  6.17   1.06477247
  6.18   1.47990730
  6.19   1.04163246
  6.20   1.32879934
  6.21   1.44678158
  6.22   1.10111930
  6.23   1.07195769
  6.24   0.90000307
  6.25   0.60287579
  6.26   0.84635522
  6.27   0.63908725
  6.28   0.20993194
  6.29   0.00665047
  6.30   0.08818393
  6.31  -0.38370764
  6.32  -0.41312793
  6.33  -0.05192786
  6.34   0.04172738
  6.35   0.12653398
  6.36  -0.50947323
  6.37  -0.06441447
  6.38  -0.01544737
  6.39  -0.30416823
  6.40  -0.39472686
  6.41  -0.11583242
  6.42   0.43806869
  6.43  -0.12948489
  6.44   0.16909198
  6.45   0.00713447
  6.46   0.28536112
  6.47   0.56964372
  6.48  -0.05941713
  6.49   0.42085501
  6.50   0.03272950
  6.51  -0.21758710
  6.52   0.41052929
  6.53   0.06140316
  6.54   0.58315276
  6.55   1.04686603
  6.56   0.34165865
  6.57   0.41805335
  6.58   1.16107501
  6.59   1.16045204
  6.60   1.27479893
  6.61   1.49032927
  6.62   1.76012770
  6.63   1.35603974
  6.64   1.96663080
  6.65   1.91784879
  6.66   1.42971219
  6.67   1.02427859
  6.68   1.30388678
  6.69   0.75570136
  6.70   0.78175446
  6.71   0.55785468
  6.72   0.56215257
  6.73   0.64622748
  6.74   0.24387510
  6.75   0.65325057
  6.76   0.51211640
  6.77   0.34255012
  6.78   0.26254796
  6.79   0.27756236
  6.80   1.03553049
  6.81   0.83322093
  6.82   1.09090338
  6.83  -0.09341003
  6.84  -0.13325682
  6.85  -0.09468247
  6.86  -0.50952381
  6.87  -0.41837067
  6.88  -0.00076515
  6.89   0.09449394
  6.90  -0.30957599
  6.91  -1.08711372
  6.92  -0.83492901
  6.93  -0.95955875
  6.94  -0.54909163
  6.95  -0.42923660
  6.96  -0.11941418
  6.97   0.15158887
  6.98  -0.04357906
  6.99  -0.02732461
  7.00   0.06057946
  7.01   1.06136426
  7.02   0.72286524
  7.03   1.43200709
  7.04   0.65278034
  7.05   1.06652820
  7.06   0.94632681
  7.07   0.73511312
  7.08   0.95258532
  7.09   1.23479979
  7.10   0.52394865
  7.11   0.22034756
  7.12   0.32063168
  7.13   0.60415860
  7.14   1.14384410
  7.15   1.42979767
  7.16   1.34528722
  7.17   1.17483548
  7.18   1.03983112
  7.19   1.03654010
  7.20   1.03465653
  7.21   1.80049720
  7.22   1.47664985
  7.23   1.10587353
  7.24   1.02049879
  7.25   1.20780784
  7.26   0.45467908
  7.27   1.20296254
  7.28   0.24437209
  7.29   0.01067373
  7.30  -0.50410367
  7.31  -0.22135949
  7.32  -0.83510608
  7.33  -0.58690853
  7.34  -0.02829255
  7.35  -0.64128266
  7.36  -0.58419369
  7.37  -0.73630582
  7.38  -0.28975148
  7.39  -0.21710297
  7.40   0.14732788
  7.41   0.62630515
  7.42   0.54215744
  7.43  -0.17960865
  7.44  -0.46854609
  7.45   0.15150909
  7.46   0.38657191
  7.47   0.00230135
  7.48  -0.20135455
  7.49  -0.31885831
  7.50   0.14775500
  7.51   0.06736885
  7.52  -0.05012755
  7.53  -0.34455691
  7.54   0.74063296
  7.55   0.33568244
  7.56   0.29593696
  7.57   1.14095783
  7.58   0.44440892
  7.59   1.00218626
  7.60   1.66648842
  7.61   1.30422628
  7.62   1.72961160
  7.63   1.68567629
  7.64   1.96821548
  7.65   1.25154751
  7.66   1.54924968
  7.67   1.95759568
  7.68   1.11850223
  7.69   0.84061206
  7.70   0.58493649
  7.71   0.41293284
  7.72   0.77291363
  7.73   0.58849689
  7.74   1.04212763
  7.75   0.54466709
  7.76   0.65992235
  7.77   0.67687325
  7.78  -0.22749007
  7.79   0.40058340
  7.80   0.70961348
  7.81   0.97208326
  7.82   0.12969112
  7.83   0.51905292
  7.84   0.00867618
  7.85   0.18725001
  7.86   0.30963914
  7.87  -0.30099939
  7.88   0.05395567
  7.89   0.21069740
  7.90  -0.76279140
  7.91  -0.75717530
  7.92  -0.42453592
  7.93  -1.09570753
  7.94  -0.54271386
  7.95   0.15783981
  7.96  -0.15640555
  7.97  -0.05329666
  7.98  -0.59941838
  7.99  -0.20950512
  8.00   0.89405351
  8.01   0.93036919
  8.02   1.27328832
  8.03   1.34305954
  8.04   0.46891425
  8.05   1.08997706
  8.06   0.86377187
  8.07   0.98031435
  8.08   1.33644261
  8.09   1.24342292
  8.10   1.22106163
  8.11   0.33776004
  8.12   0.45896361
  8.13   1.16069426
  8.14   1.57619966
  8.15   1.58934419
  8.16   1.35741825
  8.17   0.52925193
  8.18   1.45612696
  8.19   1.24805683
  8.20   1.20487767
  8.21   1.96860385
  8.22   1.33503826
  8.23   0.95340805
  8.24   0.67078798
  8.25   0.51524797
  8.26   1.11365761
  8.27   0.90692902
  8.28   0.57540908
  8.29  -0.08031217
  8.30   0.09813149
  8.31  -0.23297475
  8.32  -0.14954676
  8.33  -0.44965047
  8.34  -0.58040783
  8.35  -0.06162414
  8.36  -0.45212457
  8.37  -0.90662018
  8.38  -0.81884941
  8.39  -0.70012798
  8.40   0.48618008
  8.41   0.45168906
  8.42   0.62305731
  8.43  -0.10122164
  8.44  -0.50119186
  8.45  -0.10928677
  8.46  -0.40854079
  8.47   0.51541607
  8.48  -0.07837426
  8.49   0.25543592
  8.50   0.40874773
  8.51  -0.31576961
  8.52  -0.59048026
  8.53  -0.01532848
  8.54   0.33596140
  8.55   0.83080418
  8.56   0.91098964
  8.57   0.68883677
  8.58   1.15471872
  8.59   0.72590760
  8.60   1.23421347
  8.61   2.14196287
  8.62   1.57422808
  8.63   1.30295512
  8.64   1.66696641
  8.65   1.48931998
  8.66   1.41825532
  8.67   1.75483035
  8.68   1.45101962
  8.69   1.03256964
  8.70   0.39935227
  8.71   0.52105435
  8.72   0.23014423
  8.73   0.50462301
  8.74   0.75359567
  8.75   1.05829719
  8.76   0.38204821
  8.77  -0.11703667
  8.78   0.63416697
  8.79   0.75213835
  8.80   0.53602342
  8.81   0.30860680
  8.82   0.45707625
  8.83   0.33651147
  8.84   0.28003167
  8.85   0.35693786
  8.86   0.37740458
  8.87   0.25115550
  8.88   0.16532891
  8.89  -0.64620017
  8.90  -0.17290400
  8.91  -1.33056302
  8.92  -1.05046834
  8.93  -0.79446099
  8.94  -0.16069932
  8.95   0.12259600
  8.96  -0.24077693
  8.97  -0.16209433
  8.98   0.23813731
  8.99   0.08770100
  9.00   0.51280119
  9.01   1.15059394
  9.02   1.40350254
  9.03   1.34244685
  9.04   0.42418139
  9.05   0.79783330
  9.06   0.66932558
  9.07   1.56601643
  9.08   0.95659274
  9.09   1.45717539
  9.10   0.82627946
  9.11   1.05264365
  9.12   0.60849729
  9.13   1.15395165
  9.14   1.06547433
  9.15   1.66176160
  9.16   0.97490418
  9.17   0.99484007
  9.18   1.43360095
  9.19   1.46159009
  9.20   1.81336753
  9.21   1.75487515
  9.22   1.64763444
  9.23   0.95841456
  9.24   0.66700626
  9.25   0.75015784
  9.26   0.73127191
  9.27   0.32756974
  9.28   0.88587194
  9.29  -0.09881991
  9.30  -0.44761842
  9.31  -0.20827138
  9.32  -0.63717271
  9.33  -0.81629519
  9.34  -0.12230579
  9.35  -0.69064168
  9.36  -0.04879179
  9.37  -0.33760146
  9.38  -1.00409496
  9.39  -0.20056976
  9.40  -0.03781309
  9.41   0.35940365
  9.42   0.46384417
  9.43   0.31127394
  9.44   0.28693741
  9.45   0.24181436
  9.46   0.22787428
  9.47   0.00266308
  9.48  -0.05970592
  9.49   0.56451995
  9.50  -0.45000455
  9.51   0.24662107
  9.52   0.18274744
  9.53   0.53219284
  9.54   0.47983712
  9.55   0.47422020
  9.56   1.13415876
  9.57   0.18846393
  9.58   1.18049174
  9.59   1.33955935
  9.60   1.93315679
  9.61   1.35738522
  9.62   1.71476422
  9.63   2.17372249
  9.64   1.59721046
  9.65   1.56264644
  9.66   1.79076563
  9.67   1.43015676
  9.68   1.81415897
  9.69   1.33523332
  9.70   1.21371181
  9.71   0.43998178
  9.72   0.13193092
  9.73   0.98239427
  9.74   0.20736373
  9.75   0.88892237
  9.76   0.41534469
  9.77   0.69135195
  9.78   0.37591162
  9.79   0.13836088
  9.80   0.49462223
  9.81   1.18349163
  9.82   0.79950561
  9.83   0.22825369
  9.84  -0.39391700
  9.85  -0.19863643
  9.86   0.40351359
  9.87   0.34596041
  9.88   0.06419201
  9.89  -0.30007860
  9.90  -0.72074911
  9.91  -1.12399998
  9.92  -0.78228914
  9.93  -0.82211374
  9.94  -0.73625471
  9.95  -0.26081843
  9.96  -0.42604036
  9.97  -0.66571881
  9.98  -0.32296076
  9.99   0.37272760
 10.00   0.09393310
