    Pol-Flux             x               r               R                R+r              Te                ne               Ti             Zeff           omega-tor            Er               ni             nimp              nf               Tf
 0.00000000e+000  0.00000000e+000  0.00000000e+000  1.00000000e+002  1.00000000e+002  2.00000000e+003  2.86341349e+014  2.00000000e+003  1.00000000e+000  0.00000000e+000  0.00000000e+000  2.86341349e+014  0.00000000e+000  2.86341349e+008  4.00000000e+003
 3.90625000e-003  8.02827036e-003  1.13592284e+000  1.00000000e+002  1.01135923e+002  2.00000000e+003  2.85824031e+014  2.00000000e+003  1.00000000e+000  0.00000000e+000  0.00000000e+000  2.85824031e+014  0.00000000e+000  2.85824031e+008  4.00000000e+003
 7.81250000e-003  1.13536888e-002  1.60721970e+000  1.00000000e+002  1.01607220e+002  2.00000000e+003  2.85288172e+014  2.00000000e+003  1.00000000e+000  0.00000000e+000  0.00000000e+000  2.85288172e+014  0.00000000e+000  2.85288172e+008  4.00000000e+003
 1.17187500e-002  1.39053722e-002  1.96939063e+000  1.00000000e+002  1.01969391e+002  2.00000000e+003  2.84733186e+014  2.00000000e+003  1.00000000e+000  0.00000000e+000  0.00000000e+000  2.84733186e+014  0.00000000e+000  2.84733186e+008  4.00000000e+003
 1.56250000e-002  1.60565407e-002  2.27515926e+000  1.00000000e+002  1.02275159e+002  2.00000000e+003  2.84158477e+014  2.00000000e+003  1.00000000e+000  0.00000000e+000  0.00000000e+000  2.84158477e+014  0.00000000e+000  2.84158477e+008  4.00000000e+003
 1.95312500e-002  1.79517583e-002  2.54493650e+000  1.00000000e+002  1.02544937e+002  2.00000000e+003  2.83563438e+014  2.00000000e+003  1.00000000e+000  0.00000000e+000  0.00000000e+000  2.83563438e+014  0.00000000e+000  2.83563438e+008  4.00000000e+003
 2.34375000e-002  1.96651659e-002  2.78918482e+000  1.00000000e+002  1.02789185e+002  2.00000000e+003  2.82947448e+014  2.00000000e+003  1.00000000e+000  0.00000000e+000  0.00000000e+000  2.82947448e+014  0.00000000e+000  2.82947448e+008  4.00000000e+003
 2.73437500e-002  2.12408068e-002  3.01411617e+000  1.00000000e+002  1.03014116e+002  2.00000000e+003  2.82309876e+014  2.00000000e+003  1.00000000e+000  0.00000000e+000  0.00000000e+000  2.82309876e+014  0.00000000e+000  2.82309876e+008  4.00000000e+003
 3.12500000e-002  2.27073777e-002  3.22377585e+000  1.00000000e+002  1.03223776e+002  2.00000000e+003  2.81650082e+014  2.00000000e+003  1.00000000e+000  0.00000000e+000  0.00000000e+000  2.81650082e+014  0.00000000e+000  2.81650082e+008  4.00000000e+003
 3.51562500e-002  2.40848111e-002  3.42097229e+000  1.00000000e+002  1.03420972e+002  2.00000000e+003  2.80967411e+014  2.00000000e+003  1.00000000e+000  0.00000000e+000  0.00000000e+000  2.80967411e+014  0.00000000e+000  2.80967411e+008  4.00000000e+003
 3.90625000e-002  2.53876200e-002  3.60774921e+000  1.00000000e+002  1.03607749e+002  2.00000000e+003  2.80261202e+014  2.00000000e+003  1.00000000e+000  0.00000000e+000  0.00000000e+000  2.80261202e+014  0.00000000e+000  2.80261202e+008  4.00000000e+003
 4.29687500e-002  2.66267605e-002  3.78564865e+000  1.00000000e+002  1.03785649e+002  2.00000000e+003  2.79530783e+014  2.00000000e+003  1.00000000e+000  0.00000000e+000  0.00000000e+000  2.79530783e+014  0.00000000e+000  2.79530783e+008  4.00000000e+003
 4.68750000e-002  2.78107443e-002  3.95586798e+000  1.00000000e+002  1.03955868e+002  2.00000000e+003  2.78775474e+014  2.00000000e+003  1.00000000e+000  0.00000000e+000  0.00000000e+000  2.78775474e+014  0.00000000e+000  2.78775474e+008  4.00000000e+003
 5.07812500e-002  2.89463404e-002  4.11935889e+000  1.00000000e+002  1.04119359e+002  2.00000000e+003  2.77994587e+014  2.00000000e+003  1.00000000e+000  0.00000000e+000  0.00000000e+000  2.77994587e+014  0.00000000e+000  2.77994587e+008  4.00000000e+003
 5.46875000e-002  3.00390371e-002  4.27689262e+000  1.00000000e+002  1.04276893e+002  2.00000000e+003  2.77187427e+014  2.00000000e+003  1.00000000e+000  0.00000000e+000  0.00000000e+000  2.77187427e+014  0.00000000e+000  2.77187427e+008  4.00000000e+003
 5.85937500e-002  3.10933574e-002  4.42910442e+000  1.00000000e+002  1.04429104e+002  2.00000000e+003  2.76353291e+014  2.00000000e+003  1.00000000e+000  0.00000000e+000  0.00000000e+000  2.76353291e+014  0.00000000e+000  2.76353291e+008  4.00000000e+003
 6.25000000e-002  3.21130814e-002  4.57652489e+000  1.00000000e+002  1.04576525e+002  2.00000000e+003  2.75491475e+014  2.00000000e+003  1.00000000e+000  0.00000000e+000  0.00000000e+000  2.75491475e+014  0.00000000e+000  2.75491475e+008  4.00000000e+003
 6.64062500e-002  3.31014067e-002  4.71960263e+000  1.00000000e+002  1.04719603e+002  2.00000000e+003  2.74601267e+014  2.00000000e+003  1.00000000e+000  0.00000000e+000  0.00000000e+000  2.74601267e+014  0.00000000e+000  2.74601267e+008  4.00000000e+003
 7.03125000e-002  3.40610665e-002  4.85872089e+000  1.00000000e+002  1.04858721e+002  2.00000000e+003  2.73681954e+014  2.00000000e+003  1.00000000e+000  0.00000000e+000  0.00000000e+000  2.73681954e+014  0.00000000e+000  2.73681954e+008  4.00000000e+003
 7.42187500e-002  3.49944192e-002  4.99421018e+000  1.00000000e+002  1.04994210e+002  2.00000000e+003  2.72732822e+014  2.00000000e+003  1.00000000e+000  0.00000000e+000  0.00000000e+000  2.72732822e+014  0.00000000e+000  2.72732822e+008  4.00000000e+003
 7.81250000e-002  3.59035165e-002  5.12635785e+000  1.00000000e+002  1.05126358e+002  2.00000000e+003  2.71753155e+014  2.00000000e+003  1.00000000e+000  0.00000000e+000  0.00000000e+000  2.71753155e+014  0.00000000e+000  2.71753155e+008  4.00000000e+003
 8.20312500e-002  3.67901566e-002  5.25541563e+000  1.00000000e+002  1.05255416e+002  2.00000000e+003  2.70742240e+014  2.00000000e+003  1.00000000e+000  0.00000000e+000  0.00000000e+000  2.70742240e+014  0.00000000e+000  2.70742240e+008  4.00000000e+003
 8.59375000e-002  3.76559258e-002  5.38160544e+000  1.00000000e+002  1.05381605e+002  2.00000000e+003  2.69699365e+014  2.00000000e+003  1.00000000e+000  0.00000000e+000  0.00000000e+000  2.69699365e+014  0.00000000e+000  2.69699365e+008  4.00000000e+003
 8.98437500e-002  3.85022321e-002  5.50512415e+000  1.00000000e+002  1.05505124e+002  2.00000000e+003  2.68623826e+014  2.00000000e+003  1.00000000e+000  0.00000000e+000  0.00000000e+000  2.68623826e+014  0.00000000e+000  2.68623826e+008  4.00000000e+003
 9.37500000e-002  3.93303318e-002  5.62614734e+000  1.00000000e+002  1.05626147e+002  2.00000000e+003  2.67514923e+014  2.00000000e+003  1.00000000e+000  0.00000000e+000  0.00000000e+000  2.67514923e+014  0.00000000e+000  2.67514923e+008  4.00000000e+003
 9.76562500e-002  4.01413518e-002  5.74483240e+000  1.00000000e+002  1.05744832e+002  2.00000000e+003  2.66371964e+014  2.00000000e+003  1.00000000e+000  0.00000000e+000  0.00000000e+000  2.66371964e+014  0.00000000e+000  2.66371964e+008  4.00000000e+003
 1.01562500e-001  4.09363072e-002  5.86132101e+000  1.00000000e+002  1.05861321e+002  2.00000000e+003  2.65194269e+014  2.00000000e+003  1.00000000e+000  0.00000000e+000  0.00000000e+000  2.65194269e+014  0.00000000e+000  2.65194269e+008  4.00000000e+003
 1.05468750e-001  4.17161165e-002  5.97574130e+000  1.00000000e+002  1.05975741e+002  2.00000000e+003  2.63981170e+014  2.00000000e+003  1.00000000e+000  0.00000000e+000  0.00000000e+000  2.63981170e+014  0.00000000e+000  2.63981170e+008  4.00000000e+003
 1.09375000e-001  4.24816137e-002  6.08820956e+000  1.00000000e+002  1.06088210e+002  2.00000000e+003  2.62732013e+014  2.00000000e+003  1.00000000e+000  0.00000000e+000  0.00000000e+000  2.62732013e+014  0.00000000e+000  2.62732013e+008  4.00000000e+003
 1.13281250e-001  4.32335590e-002  6.19883173e+000  1.00000000e+002  1.06198832e+002  2.00000000e+003  2.61446164e+014  2.00000000e+003  1.00000000e+000  0.00000000e+000  0.00000000e+000  2.61446164e+014  0.00000000e+000  2.61446164e+008  4.00000000e+003
 1.17187500e-001  4.39726477e-002  6.30770461e+000  1.00000000e+002  1.06307705e+002  2.00000000e+003  2.60123004e+014  2.00000000e+003  1.00000000e+000  0.00000000e+000  0.00000000e+000  2.60123004e+014  0.00000000e+000  2.60123004e+008  4.00000000e+003
 1.21093750e-001  4.46995176e-002  6.41491699e+000  1.00000000e+002  1.06414917e+002  2.00000000e+003  2.58761942e+014  2.00000000e+003  1.00000000e+000  0.00000000e+000  0.00000000e+000  2.58761942e+014  0.00000000e+000  2.58761942e+008  4.00000000e+003
 1.25000000e-001  4.54147553e-002  6.52055045e+000  1.00000000e+002  1.06520550e+002  2.00000000e+003  2.57362407e+014  2.00000000e+003  1.00000000e+000  0.00000000e+000  0.00000000e+000  2.57362407e+014  0.00000000e+000  2.57362407e+008  4.00000000e+003
 1.28906250e-001  4.61189020e-002  6.62468023e+000  1.00000000e+002  1.06624680e+002  2.00000000e+003  2.55923859e+014  2.00000000e+003  1.00000000e+000  0.00000000e+000  0.00000000e+000  2.55923859e+014  0.00000000e+000  2.55923859e+008  4.00000000e+003
 1.32812500e-001  4.68124583e-002  6.72737586e+000  1.00000000e+002  1.06727376e+002  2.00000000e+003  2.54445786e+014  2.00000000e+003  1.00000000e+000  0.00000000e+000  0.00000000e+000  2.54445786e+014  0.00000000e+000  2.54445786e+008  4.00000000e+003
 1.36718750e-001  4.74958880e-002  6.82870177e+000  1.00000000e+002  1.06828702e+002  2.00000000e+003  2.52927713e+014  2.00000000e+003  1.00000000e+000  0.00000000e+000  0.00000000e+000  2.52927713e+014  0.00000000e+000  2.52927713e+008  4.00000000e+003
 1.40625000e-001  4.81696222e-002  6.92871775e+000  1.00000000e+002  1.06928718e+002  2.00000000e+003  2.51369198e+014  2.00000000e+003  1.00000000e+000  0.00000000e+000  0.00000000e+000  2.51369198e+014  0.00000000e+000  2.51369198e+008  4.00000000e+003
 1.44531250e-001  4.88340621e-002  7.02747946e+000  1.00000000e+002  1.07027479e+002  2.00000000e+003  2.49769840e+014  2.00000000e+003  1.00000000e+000  0.00000000e+000  0.00000000e+000  2.49769840e+014  0.00000000e+000  2.49769840e+008  4.00000000e+003
 1.48437500e-001  4.94895822e-002  7.12503878e+000  1.00000000e+002  1.07125039e+002  2.00000000e+003  2.48129281e+014  2.00000000e+003  1.00000000e+000  0.00000000e+000  0.00000000e+000  2.48129281e+014  0.00000000e+000  2.48129281e+008  4.00000000e+003
 1.52343750e-001  5.01365323e-002  7.22144417e+000  1.00000000e+002  1.07221444e+002  2.00000000e+003  2.46447208e+014  2.00000000e+003  1.00000000e+000  0.00000000e+000  0.00000000e+000  2.46447208e+014  0.00000000e+000  2.46447208e+008  4.00000000e+003
 1.56250000e-001  5.07752400e-002  7.31674097e+000  1.00000000e+002  1.07316741e+002  2.00000000e+003  2.44723358e+014  2.00000000e+003  1.00000000e+000  0.00000000e+000  0.00000000e+000  2.44723358e+014  0.00000000e+000  2.44723358e+008  4.00000000e+003
 1.60156250e-001  5.14060125e-002  7.41097169e+000  1.00000000e+002  1.07410972e+002  2.00000000e+003  2.42957518e+014  2.00000000e+003  1.00000000e+000  0.00000000e+000  0.00000000e+000  2.42957518e+014  0.00000000e+000  2.42957518e+008  4.00000000e+003
 1.64062500e-001  5.20291385e-002  7.50417622e+000  1.00000000e+002  1.07504176e+002  2.00000000e+003  2.41149533e+014  2.00000000e+003  1.00000000e+000  0.00000000e+000  0.00000000e+000  2.41149533e+014  0.00000000e+000  2.41149533e+008  4.00000000e+003
 1.67968750e-001  5.26448894e-002  7.59639207e+000  1.00000000e+002  1.07596392e+002  2.00000000e+003  2.39299304e+014  2.00000000e+003  1.00000000e+000  0.00000000e+000  0.00000000e+000  2.39299304e+014  0.00000000e+000  2.39299304e+008  4.00000000e+003
 1.71875000e-001  5.32535210e-002  7.68765457e+000  1.00000000e+002  1.07687655e+002  2.00000000e+003  2.37406794e+014  2.00000000e+003  1.00000000e+000  0.00000000e+000  0.00000000e+000  2.37406794e+014  0.00000000e+000  2.37406794e+008  4.00000000e+003
 1.75781250e-001  5.38552748e-002  7.77799703e+000  1.00000000e+002  1.07777997e+002  2.00000000e+003  2.35472031e+014  2.00000000e+003  1.00000000e+000  0.00000000e+000  0.00000000e+000  2.35472031e+014  0.00000000e+000  2.35472031e+008  4.00000000e+003
 1.79687500e-001  5.44503788e-002  7.86745088e+000  1.00000000e+002  1.07867451e+002  2.00000000e+003  2.33495108e+014  2.00000000e+003  1.00000000e+000  0.00000000e+000  0.00000000e+000  2.33495108e+014  0.00000000e+000  2.33495108e+008  4.00000000e+003
 1.83593750e-001  5.50390486e-002  7.95604586e+000  1.00000000e+002  1.07956046e+002  2.00000000e+003  2.31476191e+014  2.00000000e+003  1.00000000e+000  0.00000000e+000  0.00000000e+000  2.31476191e+014  0.00000000e+000  2.31476191e+008  4.00000000e+003
 1.87500000e-001  5.56214887e-002  8.04381010e+000  1.00000000e+002  1.08043810e+002  2.00000000e+003  2.29415516e+014  2.00000000e+003  1.00000000e+000  0.00000000e+000  0.00000000e+000  2.29415516e+014  0.00000000e+000  2.29415516e+008  4.00000000e+003
 1.91406250e-001  5.61978925e-002  8.13077025e+000  1.00000000e+002  1.08130770e+002  2.00000000e+003  2.27313395e+014  2.00000000e+003  1.00000000e+000  0.00000000e+000  0.00000000e+000  2.27313395e+014  0.00000000e+000  2.27313395e+008  4.00000000e+003
 1.95312500e-001  5.67684441e-002  8.21695162e+000  1.00000000e+002  1.08216952e+002  2.00000000e+003  2.25170216e+014  2.00000000e+003  1.00000000e+000  0.00000000e+000  0.00000000e+000  2.25170216e+014  0.00000000e+000  2.25170216e+008  4.00000000e+003
 1.99218750e-001  5.73333182e-002  8.30237820e+000  1.00000000e+002  1.08302378e+002  2.00000000e+003  2.22986448e+014  2.00000000e+003  1.00000000e+000  0.00000000e+000  0.00000000e+000  2.22986448e+014  0.00000000e+000  2.22986448e+008  4.00000000e+003
 2.03125000e-001  5.78926809e-002  8.38707284e+000  1.00000000e+002  1.08387073e+002  2.00000000e+003  2.20762640e+014  2.00000000e+003  1.00000000e+000  0.00000000e+000  0.00000000e+000  2.20762640e+014  0.00000000e+000  2.20762640e+008  4.00000000e+003
 2.07031250e-001  5.84466905e-002  8.47105726e+000  1.00000000e+002  1.08471057e+002  2.00000000e+003  2.18499422e+014  2.00000000e+003  1.00000000e+000  0.00000000e+000  0.00000000e+000  2.18499422e+014  0.00000000e+000  2.18499422e+008  4.00000000e+003
 2.10937500e-001  5.89954977e-002  8.55435213e+000  1.00000000e+002  1.08554352e+002  2.00000000e+003  2.16197511e+014  2.00000000e+003  1.00000000e+000  0.00000000e+000  0.00000000e+000  2.16197511e+014  0.00000000e+000  2.16197511e+008  4.00000000e+003
 2.14843750e-001  5.95392465e-002  8.63697720e+000  1.00000000e+002  1.08636977e+002  2.00000000e+003  2.13857705e+014  2.00000000e+003  1.00000000e+000  0.00000000e+000  0.00000000e+000  2.13857705e+014  0.00000000e+000  2.13857705e+008  4.00000000e+003
 2.18750000e-001  6.00780742e-002  8.71895126e+000  1.00000000e+002  1.08718951e+002  2.00000000e+003  2.11480891e+014  2.00000000e+003  1.00000000e+000  0.00000000e+000  0.00000000e+000  2.11480891e+014  0.00000000e+000  2.11480891e+008  4.00000000e+003
 2.22656250e-001  6.06121120e-002  8.80029229e+000  1.00000000e+002  1.08800292e+002  2.00000000e+003  2.09068039e+014  2.00000000e+003  1.00000000e+000  0.00000000e+000  0.00000000e+000  2.09068039e+014  0.00000000e+000  2.09068039e+008  4.00000000e+003
 2.26562500e-001  6.11414855e-002  8.88101747e+000  1.00000000e+002  1.08881017e+002  2.00000000e+003  2.06620205e+014  2.00000000e+003  1.00000000e+000  0.00000000e+000  0.00000000e+000  2.06620205e+014  0.00000000e+000  2.06620205e+008  4.00000000e+003
 2.30468750e-001  6.16663148e-002  8.96114322e+000  1.00000000e+002  1.08961143e+002  2.00000000e+003  2.04138530e+014  2.00000000e+003  1.00000000e+000  0.00000000e+000  0.00000000e+000  2.04138530e+014  0.00000000e+000  2.04138530e+008  4.00000000e+003
 2.34375000e-001  6.21867148e-002  9.04068525e+000  1.00000000e+002  1.09040685e+002  2.00000000e+003  2.01624240e+014  2.00000000e+003  1.00000000e+000  0.00000000e+000  0.00000000e+000  2.01624240e+014  0.00000000e+000  2.01624240e+008  4.00000000e+003
 2.38281250e-001  6.27027960e-002  9.11965862e+000  1.00000000e+002  1.09119659e+002  2.00000000e+003  1.99078642e+014  2.00000000e+003  1.00000000e+000  0.00000000e+000  0.00000000e+000  1.99078642e+014  0.00000000e+000  1.99078642e+008  4.00000000e+003
 2.42187500e-001  6.32146640e-002  9.19807778e+000  1.00000000e+002  1.09198078e+002  2.00000000e+003  1.96503126e+014  2.00000000e+003  1.00000000e+000  0.00000000e+000  0.00000000e+000  1.96503126e+014  0.00000000e+000  1.96503126e+008  4.00000000e+003
 2.46093750e-001  6.37224205e-002  9.27595655e+000  1.00000000e+002  1.09275957e+002  2.00000000e+003  1.93899160e+014  2.00000000e+003  1.00000000e+000  0.00000000e+000  0.00000000e+000  1.93899160e+014  0.00000000e+000  1.93899160e+008  4.00000000e+003
 2.50000000e-001  6.42261629e-002  9.35330824e+000  1.00000000e+002  1.09353308e+002  2.00000000e+003  1.91268287e+014  2.00000000e+003  1.00000000e+000  0.00000000e+000  0.00000000e+000  1.91268287e+014  0.00000000e+000  1.91268287e+008  4.00000000e+003
 2.53906250e-001  6.47259849e-002  9.43014560e+000  1.00000000e+002  1.09430146e+002  2.00000000e+003  1.88612127e+014  2.00000000e+003  1.00000000e+000  0.00000000e+000  0.00000000e+000  1.88612127e+014  0.00000000e+000  1.88612127e+008  4.00000000e+003
 2.57812500e-001  6.52219767e-002  9.50648089e+000  1.00000000e+002  1.09506481e+002  2.00000000e+003  1.85932368e+014  2.00000000e+003  1.00000000e+000  0.00000000e+000  0.00000000e+000  1.85932368e+014  0.00000000e+000  1.85932368e+008  4.00000000e+003
 2.61718750e-001  6.57142251e-002  9.58232592e+000  1.00000000e+002  1.09582326e+002  2.00000000e+003  1.83230764e+014  2.00000000e+003  1.00000000e+000  0.00000000e+000  0.00000000e+000  1.83230764e+014  0.00000000e+000  1.83230764e+008  4.00000000e+003
 2.65625000e-001  6.62028134e-002  9.65769202e+000  1.00000000e+002  1.09657692e+002  2.00000000e+003  1.80509132e+014  2.00000000e+003  1.00000000e+000  0.00000000e+000  0.00000000e+000  1.80509132e+014  0.00000000e+000  1.80509132e+008  4.00000000e+003
 2.69531250e-001  6.66878222e-002  9.73259012e+000  1.00000000e+002  1.09732590e+002  2.00000000e+003  1.77769348e+014  2.00000000e+003  1.00000000e+000  0.00000000e+000  0.00000000e+000  1.77769348e+014  0.00000000e+000  1.77769348e+008  4.00000000e+003
 2.73437500e-001  6.71693289e-002  9.80703075e+000  1.00000000e+002  1.09807031e+002  2.00000000e+003  1.75013338e+014  2.00000000e+003  1.00000000e+000  0.00000000e+000  0.00000000e+000  1.75013338e+014  0.00000000e+000  1.75013338e+008  4.00000000e+003
 2.77343750e-001  6.76474085e-002  9.88102404e+000  1.00000000e+002  1.09881024e+002  2.00000000e+003  1.72243079e+014  2.00000000e+003  1.00000000e+000  0.00000000e+000  0.00000000e+000  1.72243079e+014  0.00000000e+000  1.72243079e+008  4.00000000e+003
 2.81250000e-001  6.81221330e-002  9.95457977e+000  1.00000000e+002  1.09954580e+002  2.00000000e+003  1.69460588e+014  2.00000000e+003  1.00000000e+000  0.00000000e+000  0.00000000e+000  1.69460588e+014  0.00000000e+000  1.69460588e+008  4.00000000e+003
 2.85156250e-001  6.85935720e-002  1.00277074e+001  1.00000000e+002  1.10027707e+002  2.00000000e+003  1.66667919e+014  2.00000000e+003  1.00000000e+000  0.00000000e+000  0.00000000e+000  1.66667919e+014  0.00000000e+000  1.66667919e+008  4.00000000e+003
 2.89062500e-001  6.90617930e-002  1.01004160e+001  1.00000000e+002  1.10100416e+002  2.00000000e+003  1.63867159e+014  2.00000000e+003  1.00000000e+000  0.00000000e+000  0.00000000e+000  1.63867159e+014  0.00000000e+000  1.63867159e+008  4.00000000e+003
 2.92968750e-001  6.95268608e-002  1.01727143e+001  1.00000000e+002  1.10172714e+002  2.00000000e+003  1.61060415e+014  2.00000000e+003  1.00000000e+000  0.00000000e+000  0.00000000e+000  1.61060415e+014  0.00000000e+000  1.61060415e+008  4.00000000e+003
 2.96875000e-001  6.99888384e-002  1.02446109e+001  1.00000000e+002  1.10244611e+002  2.00000000e+003  1.58249817e+014  2.00000000e+003  1.00000000e+000  0.00000000e+000  0.00000000e+000  1.58249817e+014  0.00000000e+000  1.58249817e+008  4.00000000e+003
 3.00781250e-001  7.04477865e-002  1.03161140e+001  1.00000000e+002  1.10316114e+002  2.00000000e+003  1.55437503e+014  2.00000000e+003  1.00000000e+000  0.00000000e+000  0.00000000e+000  1.55437503e+014  0.00000000e+000  1.55437503e+008  4.00000000e+003
 3.04687500e-001  7.09037640e-002  1.03872315e+001  1.00000000e+002  1.10387232e+002  2.00000000e+003  1.52625618e+014  2.00000000e+003  1.00000000e+000  0.00000000e+000  0.00000000e+000  1.52625618e+014  0.00000000e+000  1.52625618e+008  4.00000000e+003
 3.08593750e-001  7.13568278e-002  1.04579711e+001  1.00000000e+002  1.10457971e+002  2.00000000e+003  1.49816305e+014  2.00000000e+003  1.00000000e+000  0.00000000e+000  0.00000000e+000  1.49816305e+014  0.00000000e+000  1.49816305e+008  4.00000000e+003
 3.12500000e-001  7.18070331e-002  1.05283402e+001  1.00000000e+002  1.10528340e+002  2.00000000e+003  1.47011700e+014  2.00000000e+003  1.00000000e+000  0.00000000e+000  0.00000000e+000  1.47011700e+014  0.00000000e+000  1.47011700e+008  4.00000000e+003
 3.16406250e-001  7.22544333e-002  1.05983460e+001  1.00000000e+002  1.10598346e+002  2.00000000e+003  1.44213925e+014  2.00000000e+003  1.00000000e+000  0.00000000e+000  0.00000000e+000  1.44213925e+014  0.00000000e+000  1.44213925e+008  4.00000000e+003
 3.20312500e-001  7.26990801e-002  1.06679955e+001  1.00000000e+002  1.10667996e+002  2.00000000e+003  1.41425079e+014  2.00000000e+003  1.00000000e+000  0.00000000e+000  0.00000000e+000  1.41425079e+014  0.00000000e+000  1.41425079e+008  4.00000000e+003
 3.24218750e-001  7.31410239e-002  1.07372954e+001  1.00000000e+002  1.10737295e+002  2.00000000e+003  1.38647236e+014  2.00000000e+003  1.00000000e+000  0.00000000e+000  0.00000000e+000  1.38647236e+014  0.00000000e+000  1.38647236e+008  4.00000000e+003
 3.28125000e-001  7.35803133e-002  1.08062523e+001  1.00000000e+002  1.10806252e+002  2.00000000e+003  1.35882436e+014  2.00000000e+003  1.00000000e+000  0.00000000e+000  0.00000000e+000  1.35882436e+014  0.00000000e+000  1.35882436e+008  4.00000000e+003
 3.32031250e-001  7.40169955e-002  1.08748725e+001  1.00000000e+002  1.10874873e+002  2.00000000e+003  1.33132682e+014  2.00000000e+003  1.00000000e+000  0.00000000e+000  0.00000000e+000  1.33132682e+014  0.00000000e+000  1.33132682e+008  4.00000000e+003
 3.35937500e-001  7.44511165e-002  1.09431622e+001  1.00000000e+002  1.10943162e+002  2.00000000e+003  1.30399930e+014  2.00000000e+003  1.00000000e+000  0.00000000e+000  0.00000000e+000  1.30399930e+014  0.00000000e+000  1.30399930e+008  4.00000000e+003
 3.39843750e-001  7.48827208e-002  1.10111274e+001  1.00000000e+002  1.11011127e+002  2.00000000e+003  1.27686088e+014  2.00000000e+003  1.00000000e+000  0.00000000e+000  0.00000000e+000  1.27686088e+014  0.00000000e+000  1.27686088e+008  4.00000000e+003
 3.43750000e-001  7.53118517e-002  1.10787737e+001  1.00000000e+002  1.11078774e+002  2.00000000e+003  1.24993007e+014  2.00000000e+003  1.00000000e+000  0.00000000e+000  0.00000000e+000  1.24993007e+014  0.00000000e+000  1.24993007e+008  4.00000000e+003
 3.47656250e-001  7.57385511e-002  1.11461070e+001  1.00000000e+002  1.11146107e+002  2.00000000e+003  1.22322481e+014  2.00000000e+003  1.00000000e+000  0.00000000e+000  0.00000000e+000  1.22322481e+014  0.00000000e+000  1.22322481e+008  4.00000000e+003
 3.51562500e-001  7.61628600e-002  1.12131325e+001  1.00000000e+002  1.11213133e+002  2.00000000e+003  1.19676237e+014  2.00000000e+003  1.00000000e+000  0.00000000e+000  0.00000000e+000  1.19676237e+014  0.00000000e+000  1.19676237e+008  4.00000000e+003
 3.55468750e-001  7.65848182e-002  1.12798557e+001  1.00000000e+002  1.11279856e+002  2.00000000e+003  1.17055937e+014  2.00000000e+003  1.00000000e+000  0.00000000e+000  0.00000000e+000  1.17055937e+014  0.00000000e+000  1.17055937e+008  4.00000000e+003
 3.59375000e-001  7.70044642e-002  1.13462818e+001  1.00000000e+002  1.11346282e+002  2.00000000e+003  1.14463169e+014  2.00000000e+003  1.00000000e+000  0.00000000e+000  0.00000000e+000  1.14463169e+014  0.00000000e+000  1.14463169e+008  4.00000000e+003
 3.63281250e-001  7.74218356e-002  1.14124156e+001  1.00000000e+002  1.11412416e+002  2.00000000e+003  1.11899449e+014  2.00000000e+003  1.00000000e+000  0.00000000e+000  0.00000000e+000  1.11899449e+014  0.00000000e+000  1.11899449e+008  4.00000000e+003
 3.67187500e-001  7.78369690e-002  1.14782621e+001  1.00000000e+002  1.11478262e+002  2.00000000e+003  1.09366212e+014  2.00000000e+003  1.00000000e+000  0.00000000e+000  0.00000000e+000  1.09366212e+014  0.00000000e+000  1.09366212e+008  4.00000000e+003
 3.71093750e-001  7.82499002e-002  1.15438261e+001  1.00000000e+002  1.11543826e+002  2.00000000e+003  1.06864815e+014  2.00000000e+003  1.00000000e+000  0.00000000e+000  0.00000000e+000  1.06864815e+014  0.00000000e+000  1.06864815e+008  4.00000000e+003
 3.75000000e-001  7.86606636e-002  1.16091121e+001  1.00000000e+002  1.11609112e+002  2.00000000e+003  1.04396535e+014  2.00000000e+003  1.00000000e+000  0.00000000e+000  0.00000000e+000  1.04396535e+014  0.00000000e+000  1.04396535e+008  4.00000000e+003
 3.78906250e-001  7.90692932e-002  1.16741247e+001  1.00000000e+002  1.11674125e+002  2.00000000e+003  1.01962561e+014  2.00000000e+003  1.00000000e+000  0.00000000e+000  0.00000000e+000  1.01962561e+014  0.00000000e+000  1.01962561e+008  4.00000000e+003
 3.82812500e-001  7.94758218e-002  1.17388682e+001  1.00000000e+002  1.11738868e+002  2.00000000e+003  9.95640024e+013  2.00000000e+003  1.00000000e+000  0.00000000e+000  0.00000000e+000  9.95640024e+013  0.00000000e+000  9.95640024e+007  4.00000000e+003
 3.86718750e-001  7.98802815e-002  1.18033470e+001  1.00000000e+002  1.11803347e+002  2.00000000e+003  9.72018801e+013  2.00000000e+003  1.00000000e+000  0.00000000e+000  0.00000000e+000  9.72018801e+013  0.00000000e+000  9.72018801e+007  4.00000000e+003
 3.90625000e-001  8.02827036e-002  1.18675650e+001  1.00000000e+002  1.11867565e+002  2.00000000e+003  9.48771309e+013  2.00000000e+003  1.00000000e+000  0.00000000e+000  0.00000000e+000  9.48771309e+013  0.00000000e+000  9.48771309e+007  4.00000000e+003
 3.94531250e-001  8.06831186e-002  1.19315265e+001  1.00000000e+002  1.11931526e+002  2.00000000e+003  9.25906058e+013  2.00000000e+003  1.00000000e+000  0.00000000e+000  0.00000000e+000  9.25906058e+013  0.00000000e+000  9.25906058e+007  4.00000000e+003
 3.98437500e-001  8.10815562e-002  1.19952353e+001  1.00000000e+002  1.11995235e+002  2.00000000e+003  9.03430707e+013  2.00000000e+003  1.00000000e+000  0.00000000e+000  0.00000000e+000  9.03430707e+013  0.00000000e+000  9.03430707e+007  4.00000000e+003
 4.02343750e-001  8.14780454e-002  1.20586952e+001  1.00000000e+002  1.12058695e+002  2.00000000e+003  8.81352072e+013  2.00000000e+003  1.00000000e+000  0.00000000e+000  0.00000000e+000  8.81352072e+013  0.00000000e+000  8.81352072e+007  4.00000000e+003
 4.06250000e-001  8.18726145e-002  1.21219101e+001  1.00000000e+002  1.12121910e+002  2.00000000e+003  8.59676135e+013  2.00000000e+003  1.00000000e+000  0.00000000e+000  0.00000000e+000  8.59676135e+013  0.00000000e+000  8.59676135e+007  4.00000000e+003
 4.10156250e-001  8.22652911e-002  1.21848835e+001  1.00000000e+002  1.12184884e+002  2.00000000e+003  8.38408061e+013  2.00000000e+003  1.00000000e+000  0.00000000e+000  0.00000000e+000  8.38408061e+013  0.00000000e+000  8.38408061e+007  4.00000000e+003
 4.14062500e-001  8.26561023e-002  1.22476191e+001  1.00000000e+002  1.12247619e+002  2.00000000e+003  8.17552211e+013  2.00000000e+003  1.00000000e+000  0.00000000e+000  0.00000000e+000  8.17552211e+013  0.00000000e+000  8.17552211e+007  4.00000000e+003
 4.17968750e-001  8.30450744e-002  1.23101203e+001  1.00000000e+002  1.12310120e+002  2.00000000e+003  7.97112161e+013  2.00000000e+003  1.00000000e+000  0.00000000e+000  0.00000000e+000  7.97112161e+013  0.00000000e+000  7.97112161e+007  4.00000000e+003
 4.21875000e-001  8.34322330e-002  1.23723905e+001  1.00000000e+002  1.12372390e+002  2.00000000e+003  7.77090726e+013  2.00000000e+003  1.00000000e+000  0.00000000e+000  0.00000000e+000  7.77090726e+013  0.00000000e+000  7.77090726e+007  4.00000000e+003
 4.25781250e-001  8.38176033e-002  1.24344330e+001  1.00000000e+002  1.12434433e+002  2.00000000e+003  7.57489981e+013  2.00000000e+003  1.00000000e+000  0.00000000e+000  0.00000000e+000  7.57489981e+013  0.00000000e+000  7.57489981e+007  4.00000000e+003
 4.29687500e-001  8.42012099e-002  1.24962510e+001  1.00000000e+002  1.12496251e+002  2.00000000e+003  7.38311287e+013  2.00000000e+003  1.00000000e+000  0.00000000e+000  0.00000000e+000  7.38311287e+013  0.00000000e+000  7.38311287e+007  4.00000000e+003
 4.33593750e-001  8.45830768e-002  1.25578478e+001  1.00000000e+002  1.12557848e+002  2.00000000e+003  7.19555316e+013  2.00000000e+003  1.00000000e+000  0.00000000e+000  0.00000000e+000  7.19555316e+013  0.00000000e+000  7.19555316e+007  4.00000000e+003
 4.37500000e-001  8.49632273e-002  1.26192263e+001  1.00000000e+002  1.12619226e+002  2.00000000e+003  7.01222080e+013  2.00000000e+003  1.00000000e+000  0.00000000e+000  0.00000000e+000  7.01222080e+013  0.00000000e+000  7.01222080e+007  4.00000000e+003
 4.41406250e-001  8.53416846e-002  1.26803897e+001  1.00000000e+002  1.12680390e+002  2.00000000e+003  6.83310962e+013  2.00000000e+003  1.00000000e+000  0.00000000e+000  0.00000000e+000  6.83310962e+013  0.00000000e+000  6.83310962e+007  4.00000000e+003
 4.45312500e-001  8.57184709e-002  1.27413408e+001  1.00000000e+002  1.12741341e+002  2.00000000e+003  6.65820743e+013  2.00000000e+003  1.00000000e+000  0.00000000e+000  0.00000000e+000  6.65820743e+013  0.00000000e+000  6.65820743e+007  4.00000000e+003
 4.49218750e-001  8.60936082e-002  1.28020825e+001  1.00000000e+002  1.12802083e+002  2.00000000e+003  6.48749633e+013  2.00000000e+003  1.00000000e+000  0.00000000e+000  0.00000000e+000  6.48749633e+013  0.00000000e+000  6.48749633e+007  4.00000000e+003
 4.53125000e-001  8.64671180e-002  1.28626177e+001  1.00000000e+002  1.12862618e+002  2.00000000e+003  6.32095304e+013  2.00000000e+003  1.00000000e+000  0.00000000e+000  0.00000000e+000  6.32095304e+013  0.00000000e+000  6.32095304e+007  4.00000000e+003
 4.57031250e-001  8.68390213e-002  1.29229491e+001  1.00000000e+002  1.12922949e+002  2.00000000e+003  6.15854919e+013  2.00000000e+003  1.00000000e+000  0.00000000e+000  0.00000000e+000  6.15854919e+013  0.00000000e+000  6.15854919e+007  4.00000000e+003
 4.60937500e-001  8.72093387e-002  1.29830793e+001  1.00000000e+002  1.12983079e+002  2.00000000e+003  6.00025166e+013  2.00000000e+003  1.00000000e+000  0.00000000e+000  0.00000000e+000  6.00025166e+013  0.00000000e+000  6.00025166e+007  4.00000000e+003
 4.64843750e-001  8.75780902e-002  1.30430111e+001  1.00000000e+002  1.13043011e+002  2.00000000e+003  5.84602285e+013  2.00000000e+003  1.00000000e+000  0.00000000e+000  0.00000000e+000  5.84602285e+013  0.00000000e+000  5.84602285e+007  4.00000000e+003
 4.68750000e-001  8.79452955e-002  1.31027469e+001  1.00000000e+002  1.13102747e+002  2.00000000e+003  5.69582105e+013  2.00000000e+003  1.00000000e+000  0.00000000e+000  0.00000000e+000  5.69582105e+013  0.00000000e+000  5.69582105e+007  4.00000000e+003
 4.72656250e-001  8.83109740e-002  1.31622893e+001  1.00000000e+002  1.13162289e+002  2.00000000e+003  5.54960070e+013  2.00000000e+003  1.00000000e+000  0.00000000e+000  0.00000000e+000  5.54960070e+013  0.00000000e+000  5.54960070e+007  4.00000000e+003
 4.76562500e-001  8.86751445e-002  1.32216409e+001  1.00000000e+002  1.13221641e+002  2.00000000e+003  5.40731271e+013  2.00000000e+003  1.00000000e+000  0.00000000e+000  0.00000000e+000  5.40731271e+013  0.00000000e+000  5.40731271e+007  4.00000000e+003
 4.80468750e-001  8.90378255e-002  1.32808039e+001  1.00000000e+002  1.13280804e+002  2.00000000e+003  5.26890478e+013  2.00000000e+003  1.00000000e+000  0.00000000e+000  0.00000000e+000  5.26890478e+013  0.00000000e+000  5.26890478e+007  4.00000000e+003
 4.84375000e-001  8.93990352e-002  1.33397807e+001  1.00000000e+002  1.13339781e+002  2.00000000e+003  5.13432163e+013  2.00000000e+003  1.00000000e+000  0.00000000e+000  0.00000000e+000  5.13432163e+013  0.00000000e+000  5.13432163e+007  4.00000000e+003
 4.88281250e-001  8.97587914e-002  1.33985737e+001  1.00000000e+002  1.13398574e+002  2.00000000e+003  5.00350535e+013  2.00000000e+003  1.00000000e+000  0.00000000e+000  0.00000000e+000  5.00350535e+013  0.00000000e+000  5.00350535e+007  4.00000000e+003
 4.92187500e-001  9.01171113e-002  1.34571851e+001  1.00000000e+002  1.13457185e+002  2.00000000e+003  4.87639561e+013  2.00000000e+003  1.00000000e+000  0.00000000e+000  0.00000000e+000  4.87639561e+013  0.00000000e+000  4.87639561e+007  4.00000000e+003
 4.96093750e-001  9.04740122e-002  1.35156171e+001  1.00000000e+002  1.13515617e+002  2.00000000e+003  4.75292998e+013  2.00000000e+003  1.00000000e+000  0.00000000e+000  0.00000000e+000  4.75292998e+013  0.00000000e+000  4.75292998e+007  4.00000000e+003
 5.00000000e-001  9.08295106e-002  1.35738720e+001  1.00000000e+002  1.13573872e+002  2.00000000e+003  4.63304415e+013  2.00000000e+003  1.00000000e+000  0.00000000e+000  0.00000000e+000  4.63304415e+013  0.00000000e+000  4.63304415e+007  4.00000000e+003
 5.03906250e-001  9.11836231e-002  1.36319517e+001  1.00000000e+002  1.13631952e+002  2.00000000e+003  4.51667219e+013  2.00000000e+003  1.00000000e+000  0.00000000e+000  0.00000000e+000  4.51667219e+013  0.00000000e+000  4.51667219e+007  4.00000000e+003
 5.07812500e-001  9.15363657e-002  1.36898585e+001  1.00000000e+002  1.13689859e+002  2.00000000e+003  4.40374675e+013  2.00000000e+003  1.00000000e+000  0.00000000e+000  0.00000000e+000  4.40374675e+013  0.00000000e+000  4.40374675e+007  4.00000000e+003
 5.11718750e-001  9.18877542e-002  1.37475944e+001  1.00000000e+002  1.13747594e+002  2.00000000e+003  4.29419933e+013  2.00000000e+003  1.00000000e+000  0.00000000e+000  0.00000000e+000  4.29419933e+013  0.00000000e+000  4.29419933e+007  4.00000000e+003
 5.15625000e-001  9.22378041e-002  1.38051613e+001  1.00000000e+002  1.13805161e+002  2.00000000e+003  4.18796045e+013  2.00000000e+003  1.00000000e+000  0.00000000e+000  0.00000000e+000  4.18796045e+013  0.00000000e+000  4.18796045e+007  4.00000000e+003
 5.19531250e-001  9.25865305e-002  1.38625612e+001  1.00000000e+002  1.13862561e+002  2.00000000e+003  4.08495990e+013  2.00000000e+003  1.00000000e+000  0.00000000e+000  0.00000000e+000  4.08495990e+013  0.00000000e+000  4.08495990e+007  4.00000000e+003
 5.23437500e-001  9.29339483e-002  1.39197961e+001  1.00000000e+002  1.13919796e+002  2.00000000e+003  3.98512685e+013  2.00000000e+003  1.00000000e+000  0.00000000e+000  0.00000000e+000  3.98512685e+013  0.00000000e+000  3.98512685e+007  4.00000000e+003
 5.27343750e-001  9.32800722e-002  1.39768678e+001  1.00000000e+002  1.13976868e+002  2.00000000e+003  3.88839010e+013  2.00000000e+003  1.00000000e+000  0.00000000e+000  0.00000000e+000  3.88839010e+013  0.00000000e+000  3.88839010e+007  4.00000000e+003
 5.31250000e-001  9.36249166e-002  1.40337782e+001  1.00000000e+002  1.14033778e+002  2.00000000e+003  3.79467823e+013  2.00000000e+003  1.00000000e+000  0.00000000e+000  0.00000000e+000  3.79467823e+013  0.00000000e+000  3.79467823e+007  4.00000000e+003
 5.35156250e-001  9.39684954e-002  1.40905291e+001  1.00000000e+002  1.14090529e+002  2.00000000e+003  3.70391971e+013  2.00000000e+003  1.00000000e+000  0.00000000e+000  0.00000000e+000  3.70391971e+013  0.00000000e+000  3.70391971e+007  4.00000000e+003
 5.39062500e-001  9.43108225e-002  1.41471223e+001  1.00000000e+002  1.14147122e+002  2.00000000e+003  3.61604313e+013  2.00000000e+003  1.00000000e+000  0.00000000e+000  0.00000000e+000  3.61604313e+013  0.00000000e+000  3.61604313e+007  4.00000000e+003
 5.42968750e-001  9.46519116e-002  1.42035595e+001  1.00000000e+002  1.14203559e+002  2.00000000e+003  3.53097724e+013  2.00000000e+003  1.00000000e+000  0.00000000e+000  0.00000000e+000  3.53097724e+013  0.00000000e+000  3.53097724e+007  4.00000000e+003
 5.46875000e-001  9.49917760e-002  1.42598424e+001  1.00000000e+002  1.14259842e+002  2.00000000e+003  3.44865116e+013  2.00000000e+003  1.00000000e+000  0.00000000e+000  0.00000000e+000  3.44865116e+013  0.00000000e+000  3.44865116e+007  4.00000000e+003
 5.50781250e-001  9.53304286e-002  1.43159728e+001  1.00000000e+002  1.14315973e+002  2.00000000e+003  3.36899442e+013  2.00000000e+003  1.00000000e+000  0.00000000e+000  0.00000000e+000  3.36899442e+013  0.00000000e+000  3.36899442e+007  4.00000000e+003
 5.54687500e-001  9.56678825e-002  1.43719522e+001  1.00000000e+002  1.14371952e+002  2.00000000e+003  3.29193714e+013  2.00000000e+003  1.00000000e+000  0.00000000e+000  0.00000000e+000  3.29193714e+013  0.00000000e+000  3.29193714e+007  4.00000000e+003
 5.58593750e-001  9.60041503e-002  1.44277824e+001  1.00000000e+002  1.14427782e+002  2.00000000e+003  3.21741007e+013  2.00000000e+003  1.00000000e+000  0.00000000e+000  0.00000000e+000  3.21741007e+013  0.00000000e+000  3.21741007e+007  4.00000000e+003
 5.62500000e-001  9.63392443e-002  1.44834648e+001  1.00000000e+002  1.14483465e+002  2.00000000e+003  3.14534470e+013  2.00000000e+003  1.00000000e+000  0.00000000e+000  0.00000000e+000  3.14534470e+013  0.00000000e+000  3.14534470e+007  4.00000000e+003
 5.66406250e-001  9.66731769e-002  1.45390010e+001  1.00000000e+002  1.14539001e+002  2.00000000e+003  3.07567335e+013  2.00000000e+003  1.00000000e+000  0.00000000e+000  0.00000000e+000  3.07567335e+013  0.00000000e+000  3.07567335e+007  4.00000000e+003
 5.70312500e-001  9.70059599e-002  1.45943927e+001  1.00000000e+002  1.14594393e+002  2.00000000e+003  3.00832921e+013  2.00000000e+003  1.00000000e+000  0.00000000e+000  0.00000000e+000  3.00832921e+013  0.00000000e+000  3.00832921e+007  4.00000000e+003
 5.74218750e-001  9.73376051e-002  1.46496412e+001  1.00000000e+002  1.14649641e+002  2.00000000e+003  2.94324644e+013  2.00000000e+003  1.00000000e+000  0.00000000e+000  0.00000000e+000  2.94324644e+013  0.00000000e+000  2.94324644e+007  4.00000000e+003
 5.78125000e-001  9.76681243e-002  1.47047481e+001  1.00000000e+002  1.14704748e+002  2.00000000e+003  2.88036021e+013  2.00000000e+003  1.00000000e+000  0.00000000e+000  0.00000000e+000  2.88036021e+013  0.00000000e+000  2.88036021e+007  4.00000000e+003
 5.82031250e-001  9.79975287e-002  1.47597149e+001  1.00000000e+002  1.14759715e+002  2.00000000e+003  2.81960676e+013  2.00000000e+003  1.00000000e+000  0.00000000e+000  0.00000000e+000  2.81960676e+013  0.00000000e+000  2.81960676e+007  4.00000000e+003
 5.85937500e-001  9.83258295e-002  1.48145428e+001  1.00000000e+002  1.14814543e+002  2.00000000e+003  2.76092342e+013  2.00000000e+003  1.00000000e+000  0.00000000e+000  0.00000000e+000  2.76092342e+013  0.00000000e+000  2.76092342e+007  4.00000000e+003
 5.89843750e-001  9.86530378e-002  1.48692335e+001  1.00000000e+002  1.14869233e+002  2.00000000e+003  2.70424868e+013  2.00000000e+003  1.00000000e+000  0.00000000e+000  0.00000000e+000  2.70424868e+013  0.00000000e+000  2.70424868e+007  4.00000000e+003
 5.93750000e-001  9.89791645e-002  1.49237881e+001  1.00000000e+002  1.14923788e+002  2.00000000e+003  2.64952222e+013  2.00000000e+003  1.00000000e+000  0.00000000e+000  0.00000000e+000  2.64952222e+013  0.00000000e+000  2.64952222e+007  4.00000000e+003
 5.97656250e-001  9.93042201e-002  1.49782082e+001  1.00000000e+002  1.14978208e+002  2.00000000e+003  2.59668489e+013  2.00000000e+003  1.00000000e+000  0.00000000e+000  0.00000000e+000  2.59668489e+013  0.00000000e+000  2.59668489e+007  4.00000000e+003
 6.01562500e-001  9.96282151e-002  1.50324949e+001  1.00000000e+002  1.15032495e+002  2.00000000e+003  2.54567881e+013  2.00000000e+003  1.00000000e+000  0.00000000e+000  0.00000000e+000  2.54567881e+013  0.00000000e+000  2.54567881e+007  4.00000000e+003
 6.05468750e-001  9.99511599e-002  1.50866497e+001  1.00000000e+002  1.15086650e+002  2.00000000e+003  2.49644731e+013  2.00000000e+003  1.00000000e+000  0.00000000e+000  0.00000000e+000  2.49644731e+013  0.00000000e+000  2.49644731e+007  4.00000000e+003
 6.09375000e-001  1.00273065e-001  1.51406738e+001  1.00000000e+002  1.15140674e+002  2.00000000e+003  2.44893500e+013  2.00000000e+003  1.00000000e+000  0.00000000e+000  0.00000000e+000  2.44893500e+013  0.00000000e+000  2.44893500e+007  4.00000000e+003
 6.13281250e-001  1.00593939e-001  1.51945684e+001  1.00000000e+002  1.15194568e+002  2.00000000e+003  2.40308777e+013  2.00000000e+003  1.00000000e+000  0.00000000e+000  0.00000000e+000  2.40308777e+013  0.00000000e+000  2.40308777e+007  4.00000000e+003
 6.17187500e-001  1.00913794e-001  1.52483349e+001  1.00000000e+002  1.15248335e+002  2.00000000e+003  2.35885275e+013  2.00000000e+003  1.00000000e+000  0.00000000e+000  0.00000000e+000  2.35885275e+013  0.00000000e+000  2.35885275e+007  4.00000000e+003
 6.21093750e-001  1.01232637e-001  1.53019744e+001  1.00000000e+002  1.15301974e+002  2.00000000e+003  2.31617838e+013  2.00000000e+003  1.00000000e+000  0.00000000e+000  0.00000000e+000  2.31617838e+013  0.00000000e+000  2.31617838e+007  4.00000000e+003
 6.25000000e-001  1.01550480e-001  1.53554881e+001  1.00000000e+002  1.15355488e+002  2.00000000e+003  2.27501436e+013  2.00000000e+003  1.00000000e+000  0.00000000e+000  0.00000000e+000  2.27501436e+013  0.00000000e+000  2.27501436e+007  4.00000000e+003
 6.28906250e-001  1.01867331e-001  1.54088773e+001  1.00000000e+002  1.15408877e+002  2.00000000e+003  2.23531167e+013  2.00000000e+003  1.00000000e+000  0.00000000e+000  0.00000000e+000  2.23531167e+013  0.00000000e+000  2.23531167e+007  4.00000000e+003
 6.32812500e-001  1.02183199e-001  1.54621431e+001  1.00000000e+002  1.15462143e+002  2.00000000e+003  2.19702256e+013  2.00000000e+003  1.00000000e+000  0.00000000e+000  0.00000000e+000  2.19702256e+013  0.00000000e+000  2.19702256e+007  4.00000000e+003
 6.36718750e-001  1.02498094e-001  1.55152866e+001  1.00000000e+002  1.15515287e+002  2.00000000e+003  2.16010054e+013  2.00000000e+003  1.00000000e+000  0.00000000e+000  0.00000000e+000  2.16010054e+013  0.00000000e+000  2.16010054e+007  4.00000000e+003
 6.40625000e-001  1.02812025e-001  1.55683089e+001  1.00000000e+002  1.15568309e+002  2.00000000e+003  2.12450035e+013  2.00000000e+003  1.00000000e+000  0.00000000e+000  0.00000000e+000  2.12450035e+013  0.00000000e+000  2.12450035e+007  4.00000000e+003
 6.44531250e-001  1.03125000e-001  1.56212112e+001  1.00000000e+002  1.15621211e+002  2.00000000e+003  2.09017801e+013  2.00000000e+003  1.00000000e+000  0.00000000e+000  0.00000000e+000  2.09017801e+013  0.00000000e+000  2.09017801e+007  4.00000000e+003
 6.48437500e-001  1.03437028e-001  1.56739946e+001  1.00000000e+002  1.15673995e+002  2.00000000e+003  2.05709071e+013  2.00000000e+003  1.00000000e+000  0.00000000e+000  0.00000000e+000  2.05709071e+013  0.00000000e+000  2.05709071e+007  4.00000000e+003
 6.52343750e-001  1.03748117e-001  1.57266601e+001  1.00000000e+002  1.15726660e+002  2.00000000e+003  2.02519688e+013  2.00000000e+003  1.00000000e+000  0.00000000e+000  0.00000000e+000  2.02519688e+013  0.00000000e+000  2.02519688e+007  4.00000000e+003
 6.56250000e-001  1.04058277e-001  1.57792088e+001  1.00000000e+002  1.15779209e+002  2.00000000e+003  1.99445613e+013  2.00000000e+003  1.00000000e+000  0.00000000e+000  0.00000000e+000  1.99445613e+013  0.00000000e+000  1.99445613e+007  4.00000000e+003
 6.60156250e-001  1.04367515e-001  1.58316417e+001  1.00000000e+002  1.15831642e+002  2.00000000e+003  1.96482924e+013  2.00000000e+003  1.00000000e+000  0.00000000e+000  0.00000000e+000  1.96482924e+013  0.00000000e+000  1.96482924e+007  4.00000000e+003
 6.64062500e-001  1.04675839e-001  1.58839598e+001  1.00000000e+002  1.15883960e+002  2.00000000e+003  1.93627816e+013  2.00000000e+003  1.00000000e+000  0.00000000e+000  0.00000000e+000  1.93627816e+013  0.00000000e+000  1.93627816e+007  4.00000000e+003
 6.67968750e-001  1.04983258e-001  1.59361642e+001  1.00000000e+002  1.15936164e+002  2.00000000e+003  1.90876594e+013  2.00000000e+003  1.00000000e+000  0.00000000e+000  0.00000000e+000  1.90876594e+013  0.00000000e+000  1.90876594e+007  4.00000000e+003
 6.71875000e-001  1.05289779e-001  1.59882558e+001  1.00000000e+002  1.15988256e+002  2.00000000e+003  1.88225677e+013  2.00000000e+003  1.00000000e+000  0.00000000e+000  0.00000000e+000  1.88225677e+013  0.00000000e+000  1.88225677e+007  4.00000000e+003
 6.75781250e-001  1.05595410e-001  1.60402357e+001  1.00000000e+002  1.16040236e+002  2.00000000e+003  1.85671592e+013  2.00000000e+003  1.00000000e+000  0.00000000e+000  0.00000000e+000  1.85671592e+013  0.00000000e+000  1.85671592e+007  4.00000000e+003
 6.79687500e-001  1.05900159e-001  1.60921047e+001  1.00000000e+002  1.16092105e+002  2.00000000e+003  1.83210971e+013  2.00000000e+003  1.00000000e+000  0.00000000e+000  0.00000000e+000  1.83210971e+013  0.00000000e+000  1.83210971e+007  4.00000000e+003
 6.83593750e-001  1.06204034e-001  1.61438639e+001  1.00000000e+002  1.16143864e+002  2.00000000e+003  1.80840553e+013  2.00000000e+003  1.00000000e+000  0.00000000e+000  0.00000000e+000  1.80840553e+013  0.00000000e+000  1.80840553e+007  4.00000000e+003
 6.87500000e-001  1.06507042e-001  1.61955141e+001  1.00000000e+002  1.16195514e+002  2.00000000e+003  1.78557178e+013  2.00000000e+003  1.00000000e+000  0.00000000e+000  0.00000000e+000  1.78557178e+013  0.00000000e+000  1.78557178e+007  4.00000000e+003
 6.91406250e-001  1.06809190e-001  1.62470563e+001  1.00000000e+002  1.16247056e+002  2.00000000e+003  1.76357786e+013  2.00000000e+003  1.00000000e+000  0.00000000e+000  0.00000000e+000  1.76357786e+013  0.00000000e+000  1.76357786e+007  4.00000000e+003
 6.95312500e-001  1.07110486e-001  1.62984914e+001  1.00000000e+002  1.16298491e+002  2.00000000e+003  1.74239414e+013  2.00000000e+003  1.00000000e+000  0.00000000e+000  0.00000000e+000  1.74239414e+013  0.00000000e+000  1.74239414e+007  4.00000000e+003
 6.99218750e-001  1.07410937e-001  1.63498202e+001  1.00000000e+002  1.16349820e+002  2.00000000e+003  1.72199196e+013  2.00000000e+003  1.00000000e+000  0.00000000e+000  0.00000000e+000  1.72199196e+013  0.00000000e+000  1.72199196e+007  4.00000000e+003
 7.03125000e-001  1.07710550e-001  1.64010437e+001  1.00000000e+002  1.16401044e+002  2.00000000e+003  1.70234356e+013  2.00000000e+003  1.00000000e+000  0.00000000e+000  0.00000000e+000  1.70234356e+013  0.00000000e+000  1.70234356e+007  4.00000000e+003
 7.07031250e-001  1.08009331e-001  1.64521628e+001  1.00000000e+002  1.16452163e+002  2.00000000e+003  1.68342211e+013  2.00000000e+003  1.00000000e+000  0.00000000e+000  0.00000000e+000  1.68342211e+013  0.00000000e+000  1.68342211e+007  4.00000000e+003
 7.10937500e-001  1.08307289e-001  1.65031781e+001  1.00000000e+002  1.16503178e+002  2.00000000e+003  1.66520164e+013  2.00000000e+003  1.00000000e+000  0.00000000e+000  0.00000000e+000  1.66520164e+013  0.00000000e+000  1.66520164e+007  4.00000000e+003
 7.14843750e-001  1.08604428e-001  1.65540907e+001  1.00000000e+002  1.16554091e+002  2.00000000e+003  1.64765706e+013  2.00000000e+003  1.00000000e+000  0.00000000e+000  0.00000000e+000  1.64765706e+013  0.00000000e+000  1.64765706e+007  4.00000000e+003
 7.18750000e-001  1.08900758e-001  1.66049013e+001  1.00000000e+002  1.16604901e+002  2.00000000e+003  1.63076409e+013  2.00000000e+003  1.00000000e+000  0.00000000e+000  0.00000000e+000  1.63076409e+013  0.00000000e+000  1.63076409e+007  4.00000000e+003
 7.22656250e-001  1.09196283e-001  1.66556108e+001  1.00000000e+002  1.16655611e+002  2.00000000e+003  1.61449929e+013  2.00000000e+003  1.00000000e+000  0.00000000e+000  0.00000000e+000  1.61449929e+013  0.00000000e+000  1.61449929e+007  4.00000000e+003
 7.26562500e-001  1.09491010e-001  1.67062199e+001  1.00000000e+002  1.16706220e+002  2.00000000e+003  1.59883997e+013  2.00000000e+003  1.00000000e+000  0.00000000e+000  0.00000000e+000  1.59883997e+013  0.00000000e+000  1.59883997e+007  4.00000000e+003
 7.30468750e-001  1.09784946e-001  1.67567294e+001  1.00000000e+002  1.16756729e+002  2.00000000e+003  1.58376425e+013  2.00000000e+003  1.00000000e+000  0.00000000e+000  0.00000000e+000  1.58376425e+013  0.00000000e+000  1.58376425e+007  4.00000000e+003
 7.34375000e-001  1.10078097e-001  1.68071402e+001  1.00000000e+002  1.16807140e+002  2.00000000e+003  1.56925097e+013  2.00000000e+003  1.00000000e+000  0.00000000e+000  0.00000000e+000  1.56925097e+013  0.00000000e+000  1.56925097e+007  4.00000000e+003
 7.38281250e-001  1.10370470e-001  1.68574529e+001  1.00000000e+002  1.16857453e+002  2.00000000e+003  1.55527969e+013  2.00000000e+003  1.00000000e+000  0.00000000e+000  0.00000000e+000  1.55527969e+013  0.00000000e+000  1.55527969e+007  4.00000000e+003
 7.42187500e-001  1.10662070e-001  1.69076685e+001  1.00000000e+002  1.16907668e+002  2.00000000e+003  1.54183069e+013  2.00000000e+003  1.00000000e+000  0.00000000e+000  0.00000000e+000  1.54183069e+013  0.00000000e+000  1.54183069e+007  4.00000000e+003
 7.46093750e-001  1.10952904e-001  1.69577875e+001  1.00000000e+002  1.16957787e+002  2.00000000e+003  1.52888490e+013  2.00000000e+003  1.00000000e+000  0.00000000e+000  0.00000000e+000  1.52888490e+013  0.00000000e+000  1.52888490e+007  4.00000000e+003
 7.50000000e-001  1.11242977e-001  1.70078107e+001  1.00000000e+002  1.17007811e+002  2.00000000e+003  1.51642395e+013  2.00000000e+003  1.00000000e+000  0.00000000e+000  0.00000000e+000  1.51642395e+013  0.00000000e+000  1.51642395e+007  4.00000000e+003
 7.53906250e-001  1.11532296e-001  1.70577389e+001  1.00000000e+002  1.17057739e+002  2.00000000e+003  1.50443007e+013  2.00000000e+003  1.00000000e+000  0.00000000e+000  0.00000000e+000  1.50443007e+013  0.00000000e+000  1.50443007e+007  4.00000000e+003
 7.57812500e-001  1.11820867e-001  1.71075728e+001  1.00000000e+002  1.17107573e+002  2.00000000e+003  1.49288614e+013  2.00000000e+003  1.00000000e+000  0.00000000e+000  0.00000000e+000  1.49288614e+013  0.00000000e+000  1.49288614e+007  4.00000000e+003
 7.61718750e-001  1.12108694e-001  1.71573131e+001  1.00000000e+002  1.17157313e+002  2.00000000e+003  1.48177563e+013  2.00000000e+003  1.00000000e+000  0.00000000e+000  0.00000000e+000  1.48177563e+013  0.00000000e+000  1.48177563e+007  4.00000000e+003
 7.65625000e-001  1.12395785e-001  1.72069604e+001  1.00000000e+002  1.17206960e+002  2.00000000e+003  1.47108258e+013  2.00000000e+003  1.00000000e+000  0.00000000e+000  0.00000000e+000  1.47108258e+013  0.00000000e+000  1.47108258e+007  4.00000000e+003
 7.69531250e-001  1.12682144e-001  1.72565155e+001  1.00000000e+002  1.17256516e+002  2.00000000e+003  1.46079161e+013  2.00000000e+003  1.00000000e+000  0.00000000e+000  0.00000000e+000  1.46079161e+013  0.00000000e+000  1.46079161e+007  4.00000000e+003
 7.73437500e-001  1.12967777e-001  1.73059791e+001  1.00000000e+002  1.17305979e+002  2.00000000e+003  1.45088787e+013  2.00000000e+003  1.00000000e+000  0.00000000e+000  0.00000000e+000  1.45088787e+013  0.00000000e+000  1.45088787e+007  4.00000000e+003
 7.77343750e-001  1.13252690e-001  1.73553518e+001  1.00000000e+002  1.17355352e+002  2.00000000e+003  1.44135706e+013  2.00000000e+003  1.00000000e+000  0.00000000e+000  0.00000000e+000  1.44135706e+013  0.00000000e+000  1.44135706e+007  4.00000000e+003
 7.81250000e-001  1.13536888e-001  1.74046343e+001  1.00000000e+002  1.17404634e+002  2.00000000e+003  1.43218536e+013  2.00000000e+003  1.00000000e+000  0.00000000e+000  0.00000000e+000  1.43218536e+013  0.00000000e+000  1.43218536e+007  4.00000000e+003
 7.85156250e-001  1.13820377e-001  1.74538272e+001  1.00000000e+002  1.17453827e+002  2.00000000e+003  1.42335946e+013  2.00000000e+003  1.00000000e+000  0.00000000e+000  0.00000000e+000  1.42335946e+013  0.00000000e+000  1.42335946e+007  4.00000000e+003
 7.89062500e-001  1.14103161e-001  1.75029312e+001  1.00000000e+002  1.17502931e+002  2.00000000e+003  1.41486653e+013  2.00000000e+003  1.00000000e+000  0.00000000e+000  0.00000000e+000  1.41486653e+013  0.00000000e+000  1.41486653e+007  4.00000000e+003
 7.92968750e-001  1.14385245e-001  1.75519469e+001  1.00000000e+002  1.17551947e+002  2.00000000e+003  1.40669420e+013  2.00000000e+003  1.00000000e+000  0.00000000e+000  0.00000000e+000  1.40669420e+013  0.00000000e+000  1.40669420e+007  4.00000000e+003
 7.96875000e-001  1.14666636e-001  1.76008749e+001  1.00000000e+002  1.17600875e+002  2.00000000e+003  1.39883054e+013  2.00000000e+003  1.00000000e+000  0.00000000e+000  0.00000000e+000  1.39883054e+013  0.00000000e+000  1.39883054e+007  4.00000000e+003
 8.00781250e-001  1.14947338e-001  1.76497159e+001  1.00000000e+002  1.17649716e+002  2.00000000e+003  1.39126404e+013  2.00000000e+003  1.00000000e+000  0.00000000e+000  0.00000000e+000  1.39126404e+013  0.00000000e+000  1.39126404e+007  4.00000000e+003
 8.04687500e-001  1.15227357e-001  1.76984705e+001  1.00000000e+002  1.17698470e+002  2.00000000e+003  1.38398364e+013  2.00000000e+003  1.00000000e+000  0.00000000e+000  0.00000000e+000  1.38398364e+013  0.00000000e+000  1.38398364e+007  4.00000000e+003
 8.08593750e-001  1.15506696e-001  1.77471392e+001  1.00000000e+002  1.17747139e+002  2.00000000e+003  1.37697865e+013  2.00000000e+003  1.00000000e+000  0.00000000e+000  0.00000000e+000  1.37697865e+013  0.00000000e+000  1.37697865e+007  4.00000000e+003
 8.12500000e-001  1.15785362e-001  1.77957226e+001  1.00000000e+002  1.17795723e+002  2.00000000e+003  1.37023878e+013  2.00000000e+003  1.00000000e+000  0.00000000e+000  0.00000000e+000  1.37023878e+013  0.00000000e+000  1.37023878e+007  4.00000000e+003
 8.16406250e-001  1.16063358e-001  1.78442214e+001  1.00000000e+002  1.17844221e+002  2.00000000e+003  1.36375412e+013  2.00000000e+003  1.00000000e+000  0.00000000e+000  0.00000000e+000  1.36375412e+013  0.00000000e+000  1.36375412e+007  4.00000000e+003
 8.20312500e-001  1.16340690e-001  1.78926362e+001  1.00000000e+002  1.17892636e+002  2.00000000e+003  1.35751511e+013  2.00000000e+003  1.00000000e+000  0.00000000e+000  0.00000000e+000  1.35751511e+013  0.00000000e+000  1.35751511e+007  4.00000000e+003
 8.24218750e-001  1.16617363e-001  1.79409674e+001  1.00000000e+002  1.17940967e+002  2.00000000e+003  1.35151255e+013  2.00000000e+003  1.00000000e+000  0.00000000e+000  0.00000000e+000  1.35151255e+013  0.00000000e+000  1.35151255e+007  4.00000000e+003
 8.28125000e-001  1.16893381e-001  1.79892157e+001  1.00000000e+002  1.17989216e+002  2.00000000e+003  1.34573756e+013  2.00000000e+003  1.00000000e+000  0.00000000e+000  0.00000000e+000  1.34573756e+013  0.00000000e+000  1.34573756e+007  4.00000000e+003
 8.32031250e-001  1.17168748e-001  1.80373816e+001  1.00000000e+002  1.18037382e+002  2.00000000e+003  1.34018162e+013  2.00000000e+003  1.00000000e+000  0.00000000e+000  0.00000000e+000  1.34018162e+013  0.00000000e+000  1.34018162e+007  4.00000000e+003
 8.35937500e-001  1.17443470e-001  1.80854657e+001  1.00000000e+002  1.18085466e+002  2.00000000e+003  1.33483649e+013  2.00000000e+003  1.00000000e+000  0.00000000e+000  0.00000000e+000  1.33483649e+013  0.00000000e+000  1.33483649e+007  4.00000000e+003
 8.39843750e-001  1.17717551e-001  1.81334684e+001  1.00000000e+002  1.18133468e+002  2.00000000e+003  1.32969425e+013  2.00000000e+003  1.00000000e+000  0.00000000e+000  0.00000000e+000  1.32969425e+013  0.00000000e+000  1.32969425e+007  4.00000000e+003
 8.43750000e-001  1.17990995e-001  1.81813904e+001  1.00000000e+002  1.18181390e+002  2.00000000e+003  1.32474726e+013  2.00000000e+003  1.00000000e+000  0.00000000e+000  0.00000000e+000  1.32474726e+013  0.00000000e+000  1.32474726e+007  4.00000000e+003
 8.47656250e-001  1.18263807e-001  1.82292322e+001  1.00000000e+002  1.18229232e+002  2.00000000e+003  1.31998818e+013  2.00000000e+003  1.00000000e+000  0.00000000e+000  0.00000000e+000  1.31998818e+013  0.00000000e+000  1.31998818e+007  4.00000000e+003
 8.51562500e-001  1.18535991e-001  1.82769943e+001  1.00000000e+002  1.18276994e+002  2.00000000e+003  1.31540992e+013  2.00000000e+003  1.00000000e+000  0.00000000e+000  0.00000000e+000  1.31540992e+013  0.00000000e+000  1.31540992e+007  4.00000000e+003
 8.55468750e-001  1.18807552e-001  1.83246772e+001  1.00000000e+002  1.18324677e+002  2.00000000e+003  1.31100568e+013  2.00000000e+003  1.00000000e+000  0.00000000e+000  0.00000000e+000  1.31100568e+013  0.00000000e+000  1.31100568e+007  4.00000000e+003
 8.59375000e-001  1.19078493e-001  1.83722813e+001  1.00000000e+002  1.18372281e+002  2.00000000e+003  1.30676888e+013  2.00000000e+003  1.00000000e+000  0.00000000e+000  0.00000000e+000  1.30676888e+013  0.00000000e+000  1.30676888e+007  4.00000000e+003
 8.63281250e-001  1.19348819e-001  1.84198074e+001  1.00000000e+002  1.18419807e+002  2.00000000e+003  1.30269322e+013  2.00000000e+003  1.00000000e+000  0.00000000e+000  0.00000000e+000  1.30269322e+013  0.00000000e+000  1.30269322e+007  4.00000000e+003
 8.67187500e-001  1.19618534e-001  1.84672557e+001  1.00000000e+002  1.18467256e+002  2.00000000e+003  1.29877259e+013  2.00000000e+003  1.00000000e+000  0.00000000e+000  0.00000000e+000  1.29877259e+013  0.00000000e+000  1.29877259e+007  4.00000000e+003
 8.71093750e-001  1.19887643e-001  1.85146268e+001  1.00000000e+002  1.18514627e+002  2.00000000e+003  1.29500116e+013  2.00000000e+003  1.00000000e+000  0.00000000e+000  0.00000000e+000  1.29500116e+013  0.00000000e+000  1.29500116e+007  4.00000000e+003
 8.75000000e-001  1.20156148e-001  1.85619213e+001  1.00000000e+002  1.18561921e+002  2.00000000e+003  1.29137327e+013  2.00000000e+003  1.00000000e+000  0.00000000e+000  0.00000000e+000  1.29137327e+013  0.00000000e+000  1.29137327e+007  4.00000000e+003
 8.78906250e-001  1.20424055e-001  1.86091395e+001  1.00000000e+002  1.18609140e+002  2.00000000e+003  1.28788349e+013  2.00000000e+003  1.00000000e+000  0.00000000e+000  0.00000000e+000  1.28788349e+013  0.00000000e+000  1.28788349e+007  4.00000000e+003
 8.82812500e-001  1.20691368e-001  1.86562820e+001  1.00000000e+002  1.18656282e+002  2.00000000e+003  1.28452661e+013  2.00000000e+003  1.00000000e+000  0.00000000e+000  0.00000000e+000  1.28452661e+013  0.00000000e+000  1.28452661e+007  4.00000000e+003
 8.86718750e-001  1.20958089e-001  1.87033491e+001  1.00000000e+002  1.18703349e+002  2.00000000e+003  1.28129759e+013  2.00000000e+003  1.00000000e+000  0.00000000e+000  0.00000000e+000  1.28129759e+013  0.00000000e+000  1.28129759e+007  4.00000000e+003
 8.90625000e-001  1.21224224e-001  1.87503415e+001  1.00000000e+002  1.18750341e+002  2.00000000e+003  1.27819158e+013  2.00000000e+003  1.00000000e+000  0.00000000e+000  0.00000000e+000  1.27819158e+013  0.00000000e+000  1.27819158e+007  4.00000000e+003
 8.94531250e-001  1.21489776e-001  1.87972595e+001  1.00000000e+002  1.18797259e+002  2.00000000e+003  1.27520393e+013  2.00000000e+003  1.00000000e+000  0.00000000e+000  0.00000000e+000  1.27520393e+013  0.00000000e+000  1.27520393e+007  4.00000000e+003
 8.98437500e-001  1.21754748e-001  1.88441035e+001  1.00000000e+002  1.18844104e+002  2.00000000e+003  1.27233015e+013  2.00000000e+003  1.00000000e+000  0.00000000e+000  0.00000000e+000  1.27233015e+013  0.00000000e+000  1.27233015e+007  4.00000000e+003
 9.02343750e-001  1.22019146e-001  1.88908741e+001  1.00000000e+002  1.18890874e+002  2.00000000e+003  1.26956592e+013  2.00000000e+003  1.00000000e+000  0.00000000e+000  0.00000000e+000  1.26956592e+013  0.00000000e+000  1.26956592e+007  4.00000000e+003
 9.06250000e-001  1.22282971e-001  1.89375717e+001  1.00000000e+002  1.18937572e+002  2.00000000e+003  1.26690708e+013  2.00000000e+003  1.00000000e+000  0.00000000e+000  0.00000000e+000  1.26690708e+013  0.00000000e+000  1.26690708e+007  4.00000000e+003
 9.10156250e-001  1.22546229e-001  1.89841967e+001  1.00000000e+002  1.18984197e+002  2.00000000e+003  1.26434964e+013  2.00000000e+003  1.00000000e+000  0.00000000e+000  0.00000000e+000  1.26434964e+013  0.00000000e+000  1.26434964e+007  4.00000000e+003
 9.14062500e-001  1.22808922e-001  1.90307495e+001  1.00000000e+002  1.19030749e+002  2.00000000e+003  1.26188974e+013  2.00000000e+003  1.00000000e+000  0.00000000e+000  0.00000000e+000  1.26188974e+013  0.00000000e+000  1.26188974e+007  4.00000000e+003
 9.17968750e-001  1.23071054e-001  1.90772306e+001  1.00000000e+002  1.19077231e+002  2.00000000e+003  1.25952368e+013  2.00000000e+003  1.00000000e+000  0.00000000e+000  0.00000000e+000  1.25952368e+013  0.00000000e+000  1.25952368e+007  4.00000000e+003
 9.21875000e-001  1.23332630e-001  1.91236403e+001  1.00000000e+002  1.19123640e+002  2.00000000e+003  1.25724790e+013  2.00000000e+003  1.00000000e+000  0.00000000e+000  0.00000000e+000  1.25724790e+013  0.00000000e+000  1.25724790e+007  4.00000000e+003
 9.25781250e-001  1.23593651e-001  1.91699792e+001  1.00000000e+002  1.19169979e+002  2.00000000e+003  1.25505896e+013  2.00000000e+003  1.00000000e+000  0.00000000e+000  0.00000000e+000  1.25505896e+013  0.00000000e+000  1.25505896e+007  4.00000000e+003
 9.29687500e-001  1.23854123e-001  1.92162475e+001  1.00000000e+002  1.19216248e+002  2.00000000e+003  1.25295356e+013  2.00000000e+003  1.00000000e+000  0.00000000e+000  0.00000000e+000  1.25295356e+013  0.00000000e+000  1.25295356e+007  4.00000000e+003
 9.33593750e-001  1.24114048e-001  1.92624458e+001  1.00000000e+002  1.19262446e+002  2.00000000e+003  1.25092853e+013  2.00000000e+003  1.00000000e+000  0.00000000e+000  0.00000000e+000  1.25092853e+013  0.00000000e+000  1.25092853e+007  4.00000000e+003
 9.37500000e-001  1.24373430e-001  1.93085744e+001  1.00000000e+002  1.19308574e+002  2.00000000e+003  1.24898081e+013  2.00000000e+003  1.00000000e+000  0.00000000e+000  0.00000000e+000  1.24898081e+013  0.00000000e+000  1.24898081e+007  4.00000000e+003
 9.41406250e-001  1.24632272e-001  1.93546337e+001  1.00000000e+002  1.19354634e+002  2.00000000e+003  1.24710745e+013  2.00000000e+003  1.00000000e+000  0.00000000e+000  0.00000000e+000  1.24710745e+013  0.00000000e+000  1.24710745e+007  4.00000000e+003
 9.45312500e-001  1.24890577e-001  1.94006241e+001  1.00000000e+002  1.19400624e+002  2.00000000e+003  1.24530563e+013  2.00000000e+003  1.00000000e+000  0.00000000e+000  0.00000000e+000  1.24530563e+013  0.00000000e+000  1.24530563e+007  4.00000000e+003
 9.49218750e-001  1.25148349e-001  1.94465460e+001  1.00000000e+002  1.19446546e+002  2.00000000e+003  1.24357262e+013  2.00000000e+003  1.00000000e+000  0.00000000e+000  0.00000000e+000  1.24357262e+013  0.00000000e+000  1.24357262e+007  4.00000000e+003
 9.53125000e-001  1.25405592e-001  1.94923997e+001  1.00000000e+002  1.19492400e+002  2.00000000e+003  1.24190581e+013  2.00000000e+003  1.00000000e+000  0.00000000e+000  0.00000000e+000  1.24190581e+013  0.00000000e+000  1.24190581e+007  4.00000000e+003
 9.57031250e-001  1.25662308e-001  1.95381858e+001  1.00000000e+002  1.19538186e+002  2.00000000e+003  1.24030267e+013  2.00000000e+003  1.00000000e+000  0.00000000e+000  0.00000000e+000  1.24030267e+013  0.00000000e+000  1.24030267e+007  4.00000000e+003
 9.60937500e-001  1.25918500e-001  1.95839044e+001  1.00000000e+002  1.19583904e+002  2.00000000e+003  1.23876078e+013  2.00000000e+003  1.00000000e+000  0.00000000e+000  0.00000000e+000  1.23876078e+013  0.00000000e+000  1.23876078e+007  4.00000000e+003
 9.64843750e-001  1.26174173e-001  1.96295560e+001  1.00000000e+002  1.19629556e+002  2.00000000e+003  1.23727780e+013  2.00000000e+003  1.00000000e+000  0.00000000e+000  0.00000000e+000  1.23727780e+013  0.00000000e+000  1.23727780e+007  4.00000000e+003
 9.68750000e-001  1.26429328e-001  1.96751411e+001  1.00000000e+002  1.19675141e+002  2.00000000e+003  1.23585149e+013  2.00000000e+003  1.00000000e+000  0.00000000e+000  0.00000000e+000  1.23585149e+013  0.00000000e+000  1.23585149e+007  4.00000000e+003
 9.72656250e-001  1.26683969e-001  1.97206598e+001  1.00000000e+002  1.19720660e+002  2.00000000e+003  1.23447968e+013  2.00000000e+003  1.00000000e+000  0.00000000e+000  0.00000000e+000  1.23447968e+013  0.00000000e+000  1.23447968e+007  4.00000000e+003
 9.76562500e-001  1.26938100e-001  1.97661126e+001  1.00000000e+002  1.19766113e+002  2.00000000e+003  1.23316031e+013  2.00000000e+003  1.00000000e+000  0.00000000e+000  0.00000000e+000  1.23316031e+013  0.00000000e+000  1.23316031e+007  4.00000000e+003
 9.80468750e-001  1.27191723e-001  1.98114999e+001  1.00000000e+002  1.19811500e+002  2.00000000e+003  1.23189136e+013  2.00000000e+003  1.00000000e+000  0.00000000e+000  0.00000000e+000  1.23189136e+013  0.00000000e+000  1.23189136e+007  4.00000000e+003
 9.84375000e-001  1.27444841e-001  1.98568219e+001  1.00000000e+002  1.19856822e+002  2.00000000e+003  1.23067092e+013  2.00000000e+003  1.00000000e+000  0.00000000e+000  0.00000000e+000  1.23067092e+013  0.00000000e+000  1.23067092e+007  4.00000000e+003
 9.88281250e-001  1.27697457e-001  1.99020791e+001  1.00000000e+002  1.19902079e+002  2.00000000e+003  1.22949714e+013  2.00000000e+003  1.00000000e+000  0.00000000e+000  0.00000000e+000  1.22949714e+013  0.00000000e+000  1.22949714e+007  4.00000000e+003
 9.92187500e-001  1.27949575e-001  1.99472718e+001  1.00000000e+002  1.19947272e+002  2.00000000e+003  1.22836824e+013  2.00000000e+003  1.00000000e+000  0.00000000e+000  0.00000000e+000  1.22836824e+013  0.00000000e+000  1.22836824e+007  4.00000000e+003
 9.96093750e-001  1.28201197e-001  1.99924003e+001  1.00000000e+002  1.19992400e+002  2.00000000e+003  1.22728250e+013  2.00000000e+003  1.00000000e+000  0.00000000e+000  0.00000000e+000  1.22728250e+013  0.00000000e+000  1.22728250e+007  4.00000000e+003
 1.00000000e+000  1.28452326e-001  2.00374649e+001  1.00000000e+002  1.20037465e+002  2.00000000e+003  1.22623827e+013  2.00000000e+003  1.00000000e+000  0.00000000e+000  0.00000000e+000  1.22623827e+013  0.00000000e+000  1.22623827e+007  4.00000000e+003



Poloidal Flux in Webers
x is square root of normalized toroidal flux
r is midplane radius in cm (midplane halfwidth of flux surface width at midplane)
R is flux surface center in cm
R+r is local major radius in cm on the outer midplane
Te is electron temperature in eV
ne is electron density in m^-3
Ti is ion temperature in eV; last two points are artificial
Zeff is from Carbon density profile measurement
omega-tor is measured angular velocity from carbon rotation in radians/sec;to get votr, multiply omega by local R from equilibrium (or from R+r)
Er is radial electric field in volts/cm
ni is ion density in m^-3
nimp is impurity density in 10^19 m^-3
nf is fast ion density in m^-3
Tf is electron temperature in eV
